TACC:  Starting up job 1741579 
TACC:  Starting parallel tasks... 
SNEDics v3.4 Non-Gaussian ED ground state program		Start at Fri Oct  9 16:49:52 2020

parallized on 16 MPI threads  * 7 OpenMP threads = 112 total threads.
********************************************************************************************************************
********************************************************************************************************************

********************************************************************************************************************
System parameters and configurations
********************************************************************************************************************
Special program options are enabled: splitted diagonal Hamiltonian
********************************************************************************************************************
Read input file "model_params.in"
	Hubbard-Holstein model parameters : 	t = 1    U = 8    g = 0.2    W = 0.2    g' = 0.07    
********************************************************************************************************************
Read input file "hilbertspace_params.in"
	Requested 16-site 2D lattice, with 14 electrons (7, 7)
	Boundary : Periodic		Hilbert space representation : momentum-space (restricted to kIdx = 0)
	Conservation: particle number[U(1)]      spin[U(1)]     momentum
********************************************************************************************************************

Cluster Positions:				Cluster symmetry group : D4
 x ... x ... x ... x .....                       x ... x ... x ... x .....
 |           |           :                       |           |           :
 |           |           :                       |           |           :
12    13    14    15     x                       1     5     6     5     x
 |           |           :                       |           |           :
 |           |           :                       |           |           :
 8 --- 9 ---10 ---11 --- x                       2 --- 6 ---10 --- 6 --- x
 |           |           :                       |           |           :
 |           |           :                       |           |           :
 4     5     6     7     x                       1     5     6     5     x
 |           |           :                       |           |           :
 |           |           :                       |           |           :
 0 --- 1 --- 2 --- 3 --- x                       0 --- 1 --- 2 --- 1 --- x
orbital number : 1
********************************************************************************************************************
Read input file "obs_params.in"
	Observable Type : Nq(All),   Sq(All),   N(All),   Delta[s](All),   Delta[d](All),   Delta[s+](All)
********************************************************************************************************************
** WARNING ** the input observables have non-local factors which have been reinterpreted. The total observable number is 96
********************************************************************************************************************


********************************************************************************************************************
Start calculating the non-Gaussian ED ground state
** WARNING ** Detected low phonon energy W < 10. The initial state will be prepared through a warm-up process.
********************************************************************************************************************
Start warm-up calculation for scaling factor 64
open output files: NGSEDWarmUpW12.8Obs.txt
********************************************************************************************************************
Start the 0 rounds of NGS-ED iteration
	effective electronic model is modified as: kinetic energy t = 1
	                                           effective interaction Vq = [0,0,0,0,0,0,0,0,0,0,0,0,0,0,0,0]
	first Hamiltonian is constructed, non-zero numbers = 2178478298
	PARPACK diagonalization completed after 165 matrix-vector product operations.
	iteration results: : total energy is -11.868836 | electron energy -11.868836 + phonon energy 0.000000 | electron momentum kIdx = 0
	Nq(0) = 12.25,	Nq(1) = 0.154193,	Nq(2) = 0.185311,	Nq(3) = 0.154193,	Nq(4) = 0.154193,	Nq(5) = 0.203281,	Nq(6) = 0.235634,	Nq(7) = 0.203281,	Nq(8) = 0.185311,	Nq(9) = 0.235634,	Nq(10) = 0.275446,	Nq(11) = 0.235634,	Nq(12) = 0.154193,	Nq(13) = 0.203281,	Nq(14) = 0.235634,	Nq(15) = 0.203281,	Sq(0) = 1.11096e-18,	Sq(1) = 0.474292,	Sq(2) = 0.766364,	Sq(3) = 0.474292,	Sq(4) = 0.474292,	Sq(5) = 0.630724,	Sq(6) = 1.05279,	Sq(7) = 0.630724,	Sq(8) = 0.766364,	Sq(9) = 1.05279,	Sq(10) = 2.56755,	Sq(11) = 1.05279,	Sq(12) = 0.474292,	Sq(13) = 0.630724,	Sq(14) = 1.05279,	Sq(15) = 0.630724,	N(0) = 1.75464,	N(1) = 1.59086,	N(2) = 0.323321,	N(3) = 1.59086,	N(4) = 1.59086,	N(5) = 0.999881,	N(6) = 0.267546,	N(7) = 0.999881,	N(8) = 0.323321,	N(9) = 0.267546,	N(10) = 0.165565,	N(11) = 0.267546,	N(12) = 1.59086,	N(13) = 0.999881,	N(14) = 0.267546,	N(15) = 0.999881,	Delta[s](0) = 0.0786846,	Delta[s](1) = 0.0589419,	Delta[s](2) = 0.0355099,	Delta[s](3) = 0.0589419,	Delta[s](4) = 0.0589419,	Delta[s](5) = 0.0422299,	Delta[s](6) = 0.0197863,	Delta[s](7) = 0.0422299,	Delta[s](8) = 0.0355099,	Delta[s](9) = 0.0197863,	Delta[s](10) = 0.000713012,	Delta[s](11) = 0.0197863,	Delta[s](12) = 0.0589419,	Delta[s](13) = 0.0422299,	Delta[s](14) = 0.0197863,	Delta[s](15) = 0.0422299,	Delta[d](0) = 0.280532,	Delta[d](1) = 0.194395,	Delta[d](2) = 0.203854,	Delta[d](3) = 0.194395,	Delta[d](4) = 0.194395,	Delta[d](5) = 0.180611,	Delta[d](6) = 0.13562,	Delta[d](7) = 0.180611,	Delta[d](8) = 0.203854,	Delta[d](9) = 0.13562,	Delta[d](10) = 0.0549733,	Delta[d](11) = 0.13562,	Delta[d](12) = 0.194395,	Delta[d](13) = 0.180611,	Delta[d](14) = 0.13562,	Delta[d](15) = 0.180611,	Delta[s+](0) = 0.569906,	Delta[s+](1) = 0.424462,	Delta[s+](2) = 0.203854,	Delta[s+](3) = 0.424462,	Delta[s+](4) = 0.424462,	Delta[s+](5) = 0.296914,	Delta[s+](6) = 0.129029,	Delta[s+](7) = 0.296914,	Delta[s+](8) = 0.203854,	Delta[s+](9) = 0.129029,	Delta[s+](10) = 0.0394737,	Delta[s+](11) = 0.129029,	Delta[s+](12) = 0.424462,	Delta[s+](13) = 0.296914,	Delta[s+](14) = 0.129029,	Delta[s+](15) = 0.296914
The 0-th iteration is completed.	|| time cost : 0h 6m 28.565s
********************************************************************************************************************
Start the 1 rounds of NGS-ED iteration
	effective electronic model is modified as: kinetic energy t = 0.995448
	                                           effective interaction Vq = [  -1.06294, -0.500304, -0.165269, -0.500304, -0.500304, -0.167004,-0.0145574, -0.167004, -0.165269,-0.0145574,-0.0253671,-0.0145574, -0.500304, -0.167004,-0.0145574, -0.167004]
	PARPACK diagonalization completed after 60 matrix-vector product operations.
	iteration results: : total energy is -25.347225 | electron energy -25.347243 + phonon energy 0.000018 | electron momentum kIdx = 0
The 1-th iteration is completed.	|| time cost : 0h 5m 15.171s
********************************************************************************************************************
Start the 2 rounds of NGS-ED iteration
	effective electronic model is modified as: kinetic energy t = 0.993642
	                                           effective interaction Vq = [  -1.14512, -0.545387,  -0.17905, -0.545387, -0.545387, -0.181173,-0.0156984, -0.181173,  -0.17905,-0.0156984,-0.0272711,-0.0156984, -0.545387, -0.181173,-0.0156984, -0.181173]
	PARPACK diagonalization completed after 60 matrix-vector product operations.
	iteration results: : total energy is -26.370374 | electron energy -26.370448 + phonon energy 0.000074 | electron momentum kIdx = 0
The 2-th iteration is completed.	|| time cost : 0h 0m 27.163s
********************************************************************************************************************
Start the 3 rounds of NGS-ED iteration
	effective electronic model is modified as: kinetic energy t = 0.993274
	                                           effective interaction Vq = [  -1.15147, -0.552198, -0.180933, -0.552198, -0.552198, -0.183159,-0.0158418, -0.183159, -0.180933,-0.0158418,-0.0274954,-0.0158418, -0.552198, -0.183159,-0.0158418, -0.183159]
	PARPACK diagonalization completed after 45 matrix-vector product operations.
	iteration results: : total energy is -26.448804 | electron energy -26.448902 + phonon energy 0.000098 | electron momentum kIdx = 0
The 3-th iteration is completed.	|| time cost : 0h 0m 24.364s
********************************************************************************************************************
Start the 4 rounds of NGS-ED iteration
	effective electronic model is modified as: kinetic energy t = 0.993204
	                                           effective interaction Vq = [  -1.15196, -0.553483, -0.181226, -0.553483, -0.553483, -0.183481,-0.0158618, -0.183481, -0.181226,-0.0158618,-0.0275243,-0.0158618, -0.553483, -0.183481,-0.0158618, -0.183481]
	PARPACK diagonalization completed after 45 matrix-vector product operations.
	iteration results: : total energy is -26.454843 | electron energy -26.454947 + phonon energy 0.000104 | electron momentum kIdx = 0
The 4-th iteration is completed.	|| time cost : 0h 0m 24.366s
********************************************************************************************************************
Start the 5 rounds of NGS-ED iteration
	effective electronic model is modified as: kinetic energy t = 0.993191
	                                           effective interaction Vq = [    -1.152,  -0.55374, -0.181273,  -0.55374,  -0.55374, -0.183534,-0.0158647, -0.183534, -0.181273,-0.0158647, -0.027528,-0.0158647,  -0.55374, -0.183534,-0.0158647, -0.183534]
	PARPACK diagonalization completed after 30 matrix-vector product operations.
	iteration results: : total energy is -26.455309 | electron energy -26.455414 + phonon energy 0.000105 | electron momentum kIdx = 0
The 5-th iteration is completed.	|| time cost : 0h 0m 21.584s
********************************************************************************************************************
Start the 6 rounds of NGS-ED iteration
	effective electronic model is modified as: kinetic energy t = 0.993188
	                                           effective interaction Vq = [    -1.152, -0.553792,  -0.18128, -0.553792, -0.553792, -0.183543,-0.0158651, -0.183543,  -0.18128,-0.0158651,-0.0275285,-0.0158651, -0.553792, -0.183543,-0.0158651, -0.183543]
	PARPACK diagonalization completed after 30 matrix-vector product operations.
	iteration results: : total energy is -26.455345 | electron energy -26.455450 + phonon energy 0.000105 | electron momentum kIdx = 0
	Nq(0) = 12.25,	Nq(1) = 0.161777,	Nq(2) = 0.189031,	Nq(3) = 0.161777,	Nq(4) = 0.161777,	Nq(5) = 0.207145,	Nq(6) = 0.238185,	Nq(7) = 0.207145,	Nq(8) = 0.189031,	Nq(9) = 0.238185,	Nq(10) = 0.279409,	Nq(11) = 0.238185,	Nq(12) = 0.161777,	Nq(13) = 0.207145,	Nq(14) = 0.238185,	Nq(15) = 0.207145,	Sq(0) = -4.62364e-18,	Sq(1) = 0.469384,	Sq(2) = 0.760531,	Sq(3) = 0.469384,	Sq(4) = 0.469384,	Sq(5) = 0.627177,	Sq(6) = 1.04897,	Sq(7) = 0.627177,	Sq(8) = 0.760531,	Sq(9) = 1.04897,	Sq(10) = 2.5609,	Sq(11) = 1.04897,	Sq(12) = 0.469384,	Sq(13) = 0.627177,	Sq(14) = 1.04897,	Sq(15) = 0.627177,	N(0) = 1.76515,	N(1) = 1.60686,	N(2) = 0.310567,	N(3) = 1.60686,	N(4) = 1.60686,	N(5) = 0.997795,	N(6) = 0.258427,	N(7) = 0.997795,	N(8) = 0.310567,	N(9) = 0.258427,	N(10) = 0.161398,	N(11) = 0.258427,	N(12) = 1.60686,	N(13) = 0.997795,	N(14) = 0.258427,	N(15) = 0.997795,	Delta[s](0) = 0.0822085,	Delta[s](1) = 0.0617801,	Delta[s](2) = 0.0373085,	Delta[s](3) = 0.0617801,	Delta[s](4) = 0.0617801,	Delta[s](5) = 0.0446091,	Delta[s](6) = 0.0211027,	Delta[s](7) = 0.0446091,	Delta[s](8) = 0.0373085,	Delta[s](9) = 0.0211027,	Delta[s](10) = 0.00115659,	Delta[s](11) = 0.0211027,	Delta[s](12) = 0.0617801,	Delta[s](13) = 0.0446091,	Delta[s](14) = 0.0211027,	Delta[s](15) = 0.0446091,	Delta[d](0) = 0.295275,	Delta[d](1) = 0.196498,	Delta[d](2) = 0.206288,	Delta[d](3) = 0.196498,	Delta[d](4) = 0.196498,	Delta[d](5) = 0.182579,	Delta[d](6) = 0.13605,	Delta[d](7) = 0.182579,	Delta[d](8) = 0.206288,	Delta[d](9) = 0.13605,	Delta[d](10) = 0.0556051,	Delta[d](11) = 0.13605,	Delta[d](12) = 0.196498,	Delta[d](13) = 0.182579,	Delta[d](14) = 0.13605,	Delta[d](15) = 0.182579,	Delta[s+](0) = 0.582083,	Delta[s+](1) = 0.433053,	Delta[s+](2) = 0.206288,	Delta[s+](3) = 0.433053,	Delta[s+](4) = 0.433053,	Delta[s+](5) = 0.301816,	Delta[s+](6) = 0.129847,	Delta[s+](7) = 0.301816,	Delta[s+](8) = 0.206288,	Delta[s+](9) = 0.129847,	Delta[s+](10) = 0.039258,	Delta[s+](11) = 0.129847,	Delta[s+](12) = 0.433053,	Delta[s+](13) = 0.301816,	Delta[s+](14) = 0.129847,	Delta[s+](15) = 0.301816
The 6-th iteration is completed.	|| time cost : 0h 3m 59.788s
********************************************************************************************************************
********************************************************************************************************************
Ground state is obtained after 7 iterations. The current ground-state energy is -26.4553, in which electron energy is -26.4555 and phonon energy is 0.000105449
final variational state is: 
	Gamma_x = [      1,1.00238,1.00126,1.00238,1.00238,1.00133,1.00015,1.00133,1.00126,1.00015,1.00033,1.00015,1.00238,1.00133,1.00015,1.00133]
	lambda_q = [  0.299961,  0.169021, 0.0867588,  0.169021,  0.169021, 0.0891453, 0.0245854, 0.0891453, 0.0867588, 0.0245854,-0.0313096, 0.0245854,  0.169021, 0.0891453, 0.0245854, 0.0891453]
The effective e-e interactions mediated by phonons are: [    1.152, 0.553802, 0.181281, 0.553802, 0.553802, 0.183545,0.0158651, 0.183545, 0.181281,0.0158651,0.0275286,0.0158651, 0.553802, 0.183545,0.0158651, 0.183545]
The real-space interactions mediated by phonons are: [ -4.55494, -1.78229,-0.225677,-0.570869, -2.20035, -1.15313,-0.225677,-0.376589,-0.807912,-0.376589,-0.225677, -1.15313, -2.20035,-0.570869,-0.225677, -1.78229]
********************************************************************************************************************
o___o  ----------------------------------------
| L |	Time since last clock: 0h 0m 0s
A===A	Time since the beginning: 0h 17m 21.004s
***********************************************

********************************************************************************************************************
Start warm-up calculation for scaling factor 32
open output files: NGSEDWarmUpW6.4Obs.txt
********************************************************************************************************************
Start the 0 rounds of NGS-ED iteration
	effective electronic model is modified as: kinetic energy t = 0.993188
	                                           effective interaction Vq = [  -1.05311,  -0.46733, -0.148139,  -0.46733,  -0.46733, -0.150853,-0.0128207, -0.150853, -0.148139,-0.0128207,-0.0220644,-0.0128207,  -0.46733, -0.150853,-0.0128207, -0.150853]
	PARPACK diagonalization completed after 60 matrix-vector product operations.
	iteration results: : total energy is -25.144357 | electron energy -25.144409 + phonon energy 0.000053 | electron momentum kIdx = 0
	Nq(0) = 12.25,	Nq(1) = 0.160442,	Nq(2) = 0.188168,	Nq(3) = 0.160442,	Nq(4) = 0.160442,	Nq(5) = 0.206229,	Nq(6) = 0.237509,	Nq(7) = 0.206229,	Nq(8) = 0.188168,	Nq(9) = 0.237509,	Nq(10) = 0.278459,	Nq(11) = 0.237509,	Nq(12) = 0.160442,	Nq(13) = 0.206229,	Nq(14) = 0.237509,	Nq(15) = 0.206229,	Sq(0) = 2.98402e-18,	Sq(1) = 0.470086,	Sq(2) = 0.761692,	Sq(3) = 0.470086,	Sq(4) = 0.470086,	Sq(5) = 0.62784,	Sq(6) = 1.05028,	Sq(7) = 0.62784,	Sq(8) = 0.761692,	Sq(9) = 1.05028,	Sq(10) = 2.56227,	Sq(11) = 1.05028,	Sq(12) = 0.470086,	Sq(13) = 0.62784,	Sq(14) = 1.05028,	Sq(15) = 0.62784,	N(0) = 1.76295,	N(1) = 1.60356,	N(2) = 0.313321,	N(3) = 1.60356,	N(4) = 1.60356,	N(5) = 0.998137,	N(6) = 0.260297,	N(7) = 0.998137,	N(8) = 0.313321,	N(9) = 0.260297,	N(10) = 0.162423,	N(11) = 0.260297,	N(12) = 1.60356,	N(13) = 0.998137,	N(14) = 0.260297,	N(15) = 0.998137,	Delta[s](0) = 0.0811989,	Delta[s](1) = 0.06105,	Delta[s](2) = 0.0369663,	Delta[s](3) = 0.06105,	Delta[s](4) = 0.06105,	Delta[s](5) = 0.0440703,	Delta[s](6) = 0.0209552,	Delta[s](7) = 0.0440703,	Delta[s](8) = 0.0369663,	Delta[s](9) = 0.0209552,	Delta[s](10) = 0.00132586,	Delta[s](11) = 0.0209552,	Delta[s](12) = 0.06105,	Delta[s](13) = 0.0440703,	Delta[s](14) = 0.0209552,	Delta[s](15) = 0.0440703,	Delta[d](0) = 0.297023,	Delta[d](1) = 0.199752,	Delta[d](2) = 0.20928,	Delta[d](3) = 0.199752,	Delta[d](4) = 0.199752,	Delta[d](5) = 0.185429,	Delta[d](6) = 0.138445,	Delta[d](7) = 0.185429,	Delta[d](8) = 0.20928,	Delta[d](9) = 0.138445,	Delta[d](10) = 0.0566608,	Delta[d](11) = 0.138445,	Delta[d](12) = 0.199752,	Delta[d](13) = 0.185429,	Delta[d](14) = 0.138445,	Delta[d](15) = 0.185429,	Delta[s+](0) = 0.58846,	Delta[s+](1) = 0.437949,	Delta[s+](2) = 0.20928,	Delta[s+](3) = 0.437949,	Delta[s+](4) = 0.437949,	Delta[s+](5) = 0.305556,	Delta[s+](6) = 0.131991,	Delta[s+](7) = 0.305556,	Delta[s+](8) = 0.20928,	Delta[s+](9) = 0.131991,	Delta[s+](10) = 0.0401953,	Delta[s+](11) = 0.131991,	Delta[s+](12) = 0.437949,	Delta[s+](13) = 0.305556,	Delta[s+](14) = 0.131991,	Delta[s+](15) = 0.305556
The 0-th iteration is completed.	|| time cost : 0h 4m 4.509s
********************************************************************************************************************
Start the 1 rounds of NGS-ED iteration
	effective electronic model is modified as: kinetic energy t = 0.991988
	                                           effective interaction Vq = [  -1.12451, -0.495821, -0.153789, -0.495821, -0.495821, -0.157414, -0.013159, -0.157414, -0.153789, -0.013159,-0.0224166, -0.013159, -0.495821, -0.157414, -0.013159, -0.157414]
	PARPACK diagonalization completed after 45 matrix-vector product operations.
	iteration results: : total energy is -26.024462 | electron energy -26.024654 + phonon energy 0.000192 | electron momentum kIdx = 0
The 1-th iteration is completed.	|| time cost : 0h 0m 24.406s
********************************************************************************************************************
Start the 2 rounds of NGS-ED iteration
	effective electronic model is modified as: kinetic energy t = 0.991529
	                                           effective interaction Vq = [  -1.14436, -0.505717, -0.155456, -0.505717, -0.505717, -0.159415,-0.0132491, -0.159415, -0.155456,-0.0132491,-0.0225052,-0.0132491, -0.505717, -0.159415,-0.0132491, -0.159415]
	PARPACK diagonalization completed after 45 matrix-vector product operations.
	iteration results: : total energy is -26.268414 | electron energy -26.268699 + phonon energy 0.000285 | electron momentum kIdx = 0
The 2-th iteration is completed.	|| time cost : 0h 0m 24.424s
********************************************************************************************************************
Start the 3 rounds of NGS-ED iteration
	effective electronic model is modified as: kinetic energy t = 0.991357
	                                           effective interaction Vq = [  -1.14987, -0.509382, -0.155963, -0.509382, -0.509382, -0.160047,-0.0132736, -0.160047, -0.155963,-0.0132736,-0.0225279,-0.0132736, -0.509382, -0.160047,-0.0132736, -0.160047]
	PARPACK diagonalization completed after 45 matrix-vector product operations.
	iteration results: : total energy is -26.336136 | electron energy -26.336468 + phonon energy 0.000331 | electron momentum kIdx = 0
The 3-th iteration is completed.	|| time cost : 0h 0m 24.417s
********************************************************************************************************************
Start the 4 rounds of NGS-ED iteration
	effective electronic model is modified as: kinetic energy t = 0.991294
	                                           effective interaction Vq = [  -1.15141, -0.510778, -0.156119, -0.510778, -0.510778, -0.160249,-0.0132803, -0.160249, -0.156119,-0.0132803,-0.0225339,-0.0132803, -0.510778, -0.160249,-0.0132803, -0.160249]
	PARPACK diagonalization completed after 45 matrix-vector product operations.
	iteration results: : total energy is -26.354951 | electron energy -26.355302 + phonon energy 0.000351 | electron momentum kIdx = 0
The 4-th iteration is completed.	|| time cost : 0h 0m 24.447s
********************************************************************************************************************
Start the 5 rounds of NGS-ED iteration
	effective electronic model is modified as: kinetic energy t = 0.99127
	                                           effective interaction Vq = [  -1.15184, -0.511316, -0.156168, -0.511316, -0.511316, -0.160314,-0.0132821, -0.160314, -0.156168,-0.0132821,-0.0225354,-0.0132821, -0.511316, -0.160314,-0.0132821, -0.160314]
	PARPACK diagonalization completed after 30 matrix-vector product operations.
	iteration results: : total energy is -26.360180 | electron energy -26.360539 + phonon energy 0.000360 | electron momentum kIdx = 0
The 5-th iteration is completed.	|| time cost : 0h 0m 21.831s
********************************************************************************************************************
Start the 6 rounds of NGS-ED iteration
	effective electronic model is modified as: kinetic energy t = 0.991261
	                                           effective interaction Vq = [  -1.15195, -0.511524, -0.156183, -0.511524, -0.511524, -0.160335,-0.0132827, -0.160335, -0.156183,-0.0132827,-0.0225359,-0.0132827, -0.511524, -0.160335,-0.0132827, -0.160335]
	PARPACK diagonalization completed after 30 matrix-vector product operations.
	iteration results: : total energy is -26.361633 | electron energy -26.361996 + phonon energy 0.000363 | electron momentum kIdx = 0
The 6-th iteration is completed.	|| time cost : 0h 0m 21.676s
********************************************************************************************************************
Start the 7 rounds of NGS-ED iteration
	effective electronic model is modified as: kinetic energy t = 0.991257
	                                           effective interaction Vq = [  -1.15199, -0.511605, -0.156187, -0.511605, -0.511605, -0.160341,-0.0132828, -0.160341, -0.156187,-0.0132828, -0.022536,-0.0132828, -0.511605, -0.160341,-0.0132828, -0.160341]
	PARPACK diagonalization completed after 30 matrix-vector product operations.
	iteration results: : total energy is -26.362037 | electron energy -26.362402 + phonon energy 0.000364 | electron momentum kIdx = 0
The 7-th iteration is completed.	|| time cost : 0h 0m 21.679s
********************************************************************************************************************
Start the 8 rounds of NGS-ED iteration
	effective electronic model is modified as: kinetic energy t = 0.991256
	                                           effective interaction Vq = [    -1.152, -0.511636, -0.156189, -0.511636, -0.511636, -0.160344,-0.0132828, -0.160344, -0.156189,-0.0132828, -0.022536,-0.0132828, -0.511636, -0.160344,-0.0132828, -0.160344]
	PARPACK diagonalization completed after 30 matrix-vector product operations.
	iteration results: : total energy is -26.362150 | electron energy -26.362514 + phonon energy 0.000365 | electron momentum kIdx = 0
	Nq(0) = 12.25,	Nq(1) = 0.160979,	Nq(2) = 0.188179,	Nq(3) = 0.160979,	Nq(4) = 0.160979,	Nq(5) = 0.206197,	Nq(6) = 0.23739,	Nq(7) = 0.206197,	Nq(8) = 0.188179,	Nq(9) = 0.23739,	Nq(10) = 0.278374,	Nq(11) = 0.23739,	Nq(12) = 0.160979,	Nq(13) = 0.206197,	Nq(14) = 0.23739,	Nq(15) = 0.206197,	Sq(0) = -4.41021e-23,	Sq(1) = 0.469615,	Sq(2) = 0.761484,	Sq(3) = 0.469615,	Sq(4) = 0.469615,	Sq(5) = 0.627692,	Sq(6) = 1.05071,	Sq(7) = 0.627692,	Sq(8) = 0.761484,	Sq(9) = 1.05071,	Sq(10) = 2.56198,	Sq(11) = 1.05071,	Sq(12) = 0.469615,	Sq(13) = 0.627692,	Sq(14) = 1.05071,	Sq(15) = 0.627692,	N(0) = 1.76312,	N(1) = 1.60396,	N(2) = 0.313211,	N(3) = 1.60396,	N(4) = 1.60396,	N(5) = 0.997921,	N(6) = 0.260095,	N(7) = 0.997921,	N(8) = 0.313211,	N(9) = 0.260095,	N(10) = 0.162554,	N(11) = 0.260095,	N(12) = 1.60396,	N(13) = 0.997921,	N(14) = 0.260095,	N(15) = 0.997921,	Delta[s](0) = 0.0811666,	Delta[s](1) = 0.0610608,	Delta[s](2) = 0.0370176,	Delta[s](3) = 0.0610608,	Delta[s](4) = 0.0610608,	Delta[s](5) = 0.0441124,	Delta[s](6) = 0.0210388,	Delta[s](7) = 0.0441124,	Delta[s](8) = 0.0370176,	Delta[s](9) = 0.0210388,	Delta[s](10) = 0.00144948,	Delta[s](11) = 0.0210388,	Delta[s](12) = 0.0610608,	Delta[s](13) = 0.0441124,	Delta[s](14) = 0.0210388,	Delta[s](15) = 0.0441124,	Delta[d](0) = 0.302366,	Delta[d](1) = 0.203038,	Delta[d](2) = 0.212507,	Delta[d](3) = 0.203038,	Delta[d](4) = 0.203038,	Delta[d](5) = 0.188373,	Delta[d](6) = 0.140601,	Delta[d](7) = 0.188373,	Delta[d](8) = 0.212507,	Delta[d](9) = 0.140601,	Delta[d](10) = 0.0576964,	Delta[d](11) = 0.140601,	Delta[d](12) = 0.203038,	Delta[d](13) = 0.188373,	Delta[d](14) = 0.140601,	Delta[d](15) = 0.188373,	Delta[s+](0) = 0.597227,	Delta[s+](1) = 0.444474,	Delta[s+](2) = 0.212507,	Delta[s+](3) = 0.444474,	Delta[s+](4) = 0.444474,	Delta[s+](5) = 0.310092,	Delta[s+](6) = 0.134036,	Delta[s+](7) = 0.310092,	Delta[s+](8) = 0.212507,	Delta[s+](9) = 0.134036,	Delta[s+](10) = 0.0408979,	Delta[s+](11) = 0.134036,	Delta[s+](12) = 0.444474,	Delta[s+](13) = 0.310092,	Delta[s+](14) = 0.134036,	Delta[s+](15) = 0.310092
The 8-th iteration is completed.	|| time cost : 0h 4m 0.027s
********************************************************************************************************************
********************************************************************************************************************
Ground state is obtained after 9 iterations. The current ground-state energy is -26.3621, in which electron energy is -26.3625 and phonon energy is 0.000364971
final variational state is: 
	Gamma_x = [      1,1.00653,1.00293,1.00653,1.00653,1.00319,1.00033,1.00319,1.00293,1.00033,1.00069,1.00033,1.00653,1.00319,1.00033,1.00319]
	lambda_q = [  0.423872,    0.1987, 0.0940397,    0.1987,    0.1987, 0.0980607, 0.0258842, 0.0980607, 0.0940397, 0.0258842,-0.0322563, 0.0258842,    0.1987, 0.0980607, 0.0258842, 0.0980607]
The effective e-e interactions mediated by phonons are: [    1.152, 0.511648, 0.156189, 0.511648, 0.511648, 0.160344,0.0132828, 0.160344, 0.156189,0.0132828,0.0225361,0.0132828, 0.511648, 0.160344,0.0132828, 0.160344]
The real-space interactions mediated by phonons are: [ -4.22802, -1.74146,-0.284892,-0.631589, -2.12619, -1.17102,-0.284892,-0.439171,-0.845537,-0.439171,-0.284892, -1.17102, -2.12619,-0.631589,-0.284892, -1.74146]
********************************************************************************************************************
o___o  ----------------------------------------
| L |	Time since last clock: 0h 0m 0s
A===A	Time since the beginning: 0h 28m 8.425s
***********************************************

********************************************************************************************************************
Start warm-up calculation for scaling factor 16
open output files: NGSEDWarmUpW3.2Obs.txt
********************************************************************************************************************
Start the 0 rounds of NGS-ED iteration
	effective electronic model is modified as: kinetic energy t = 0.991256
	                                           effective interaction Vq = [  -1.05273, -0.414122, -0.122164, -0.414122, -0.414122, -0.126126,-0.0102805, -0.126126, -0.122164,-0.0102805,-0.0173145,-0.0102805, -0.414122, -0.126126,-0.0102805, -0.126126]
	PARPACK diagonalization completed after 60 matrix-vector product operations.
	iteration results: : total energy is -25.038614 | electron energy -25.038796 + phonon energy 0.000183 | electron momentum kIdx = 0
	Nq(0) = 12.25,	Nq(1) = 0.159501,	Nq(2) = 0.187297,	Nq(3) = 0.159501,	Nq(4) = 0.159501,	Nq(5) = 0.205261,	Nq(6) = 0.236687,	Nq(7) = 0.205261,	Nq(8) = 0.187297,	Nq(9) = 0.236687,	Nq(10) = 0.277378,	Nq(11) = 0.236687,	Nq(12) = 0.159501,	Nq(13) = 0.205261,	Nq(14) = 0.236687,	Nq(15) = 0.205261,	Sq(0) = -7.27487e-19,	Sq(1) = 0.470439,	Sq(2) = 0.762735,	Sq(3) = 0.470439,	Sq(4) = 0.470439,	Sq(5) = 0.628425,	Sq(6) = 1.05197,	Sq(7) = 0.628425,	Sq(8) = 0.762735,	Sq(9) = 1.05197,	Sq(10) = 2.56342,	Sq(11) = 1.05197,	Sq(12) = 0.470439,	Sq(13) = 0.628425,	Sq(14) = 1.05197,	Sq(15) = 0.628425,	N(0) = 1.76077,	N(1) = 1.60044,	N(2) = 0.316111,	N(3) = 1.60044,	N(4) = 1.60044,	N(5) = 0.998315,	N(6) = 0.262094,	N(7) = 0.998315,	N(8) = 0.316111,	N(9) = 0.262094,	N(10) = 0.163625,	N(11) = 0.262094,	N(12) = 1.60044,	N(13) = 0.998315,	N(14) = 0.262094,	N(15) = 0.998315,	Delta[s](0) = 0.0802863,	Delta[s](1) = 0.0603798,	Delta[s](2) = 0.0366223,	Delta[s](3) = 0.0603798,	Delta[s](4) = 0.0603798,	Delta[s](5) = 0.0435649,	Delta[s](6) = 0.0207844,	Delta[s](7) = 0.0435649,	Delta[s](8) = 0.0366223,	Delta[s](9) = 0.0207844,	Delta[s](10) = 0.00143663,	Delta[s](11) = 0.0207844,	Delta[s](12) = 0.0603798,	Delta[s](13) = 0.0435649,	Delta[s](14) = 0.0207844,	Delta[s](15) = 0.0435649,	Delta[d](0) = 0.303948,	Delta[d](1) = 0.205942,	Delta[d](2) = 0.2153,	Delta[d](3) = 0.205942,	Delta[d](4) = 0.205942,	Delta[d](5) = 0.190963,	Delta[d](6) = 0.142782,	Delta[d](7) = 0.190963,	Delta[d](8) = 0.2153,	Delta[d](9) = 0.142782,	Delta[d](10) = 0.0585763,	Delta[d](11) = 0.142782,	Delta[d](12) = 0.205942,	Delta[d](13) = 0.190963,	Delta[d](14) = 0.142782,	Delta[d](15) = 0.190963,	Delta[s+](0) = 0.60348,	Delta[s+](1) = 0.449253,	Delta[s+](2) = 0.2153,	Delta[s+](3) = 0.449253,	Delta[s+](4) = 0.449253,	Delta[s+](5) = 0.313701,	Delta[s+](6) = 0.135997,	Delta[s+](7) = 0.313701,	Delta[s+](8) = 0.2153,	Delta[s+](9) = 0.135997,	Delta[s+](10) = 0.0416818,	Delta[s+](11) = 0.135997,	Delta[s+](12) = 0.449253,	Delta[s+](13) = 0.313701,	Delta[s+](14) = 0.135997,	Delta[s+](15) = 0.313701
The 0-th iteration is completed.	|| time cost : 0h 4m 3.798s
********************************************************************************************************************
Start the 1 rounds of NGS-ED iteration
	effective electronic model is modified as: kinetic energy t = 0.991159
	                                           effective interaction Vq = [   -1.09966,  -0.421543,  -0.120113,  -0.421543,  -0.421543,  -0.124952,-0.00994808,  -0.124952,  -0.120113,-0.00994808, -0.0165275,-0.00994808,  -0.421543,  -0.124952,-0.00994808,  -0.124952]
	PARPACK diagonalization completed after 45 matrix-vector product operations.
	iteration results: : total energy is -25.614027 | electron energy -25.614430 + phonon energy 0.000403 | electron momentum kIdx = 0
The 1-th iteration is completed.	|| time cost : 0h 0m 24.555s
********************************************************************************************************************
Start the 2 rounds of NGS-ED iteration
	effective electronic model is modified as: kinetic energy t = 0.99108
	                                           effective interaction Vq = [   -1.1244, -0.425562, -0.119285, -0.425562, -0.425562, -0.124469,-0.0098232, -0.124469, -0.119285,-0.0098232,-0.0162576,-0.0098232, -0.425562, -0.124469,-0.0098232, -0.124469]
	PARPACK diagonalization completed after 45 matrix-vector product operations.
	iteration results: : total energy is -25.917294 | electron energy -25.917861 + phonon energy 0.000567 | electron momentum kIdx = 0
The 2-th iteration is completed.	|| time cost : 0h 0m 24.508s
********************************************************************************************************************
Start the 3 rounds of NGS-ED iteration
	effective electronic model is modified as: kinetic energy t = 0.991028
	                                           effective interaction Vq = [   -1.13745,  -0.427761,  -0.118956,  -0.427761,  -0.427761,  -0.124273,-0.00977677,  -0.124273,  -0.118956,-0.00977677, -0.0161663,-0.00977677,  -0.427761,  -0.124273,-0.00977677,  -0.124273]
	PARPACK diagonalization completed after 45 matrix-vector product operations.
	iteration results: : total energy is -26.077166 | electron energy -26.077840 + phonon energy 0.000674 | electron momentum kIdx = 0
The 3-th iteration is completed.	|| time cost : 0h 0m 24.483s
********************************************************************************************************************
Start the 4 rounds of NGS-ED iteration
	effective electronic model is modified as: kinetic energy t = 0.990996
	                                           effective interaction Vq = [   -1.14433,  -0.428973,  -0.118826,  -0.428973,  -0.428973,  -0.124195,-0.00975958,  -0.124195,  -0.118826,-0.00975958, -0.0161356,-0.00975958,  -0.428973,  -0.124195,-0.00975958,  -0.124195]
	PARPACK diagonalization completed after 45 matrix-vector product operations.
	iteration results: : total energy is -26.161454 | electron energy -26.162194 + phonon energy 0.000740 | electron momentum kIdx = 0
The 4-th iteration is completed.	|| time cost : 0h 0m 24.49s
********************************************************************************************************************
Start the 5 rounds of NGS-ED iteration
	effective electronic model is modified as: kinetic energy t = 0.990976
	                                           effective interaction Vq = [   -1.14795,  -0.429644,  -0.118776,  -0.429644,  -0.429644,  -0.124166,-0.00975325,  -0.124166,  -0.118776,-0.00975325, -0.0161254,-0.00975325,  -0.429644,  -0.124166,-0.00975325,  -0.124166]
	PARPACK diagonalization completed after 45 matrix-vector product operations.
	iteration results: : total energy is -26.205895 | electron energy -26.206674 + phonon energy 0.000779 | electron momentum kIdx = 0
The 5-th iteration is completed.	|| time cost : 0h 0m 24.477s
********************************************************************************************************************
Start the 6 rounds of NGS-ED iteration
	effective electronic model is modified as: kinetic energy t = 0.990965
	                                           effective interaction Vq = [   -1.14987,  -0.430018,  -0.118757,  -0.430018,  -0.430018,  -0.124155,-0.00975092,  -0.124155,  -0.118757,-0.00975092,  -0.016122,-0.00975092,  -0.430018,  -0.124155,-0.00975092,  -0.124155]
	PARPACK diagonalization completed after 30 matrix-vector product operations.
	iteration results: : total energy is -26.229328 | electron energy -26.230129 + phonon energy 0.000802 | electron momentum kIdx = 0
The 6-th iteration is completed.	|| time cost : 0h 0m 21.658s
********************************************************************************************************************
Start the 7 rounds of NGS-ED iteration
	effective electronic model is modified as: kinetic energy t = 0.990958
	                                           effective interaction Vq = [   -1.15087,  -0.430226,   -0.11875,  -0.430226,  -0.430226,  -0.124151,-0.00975008,  -0.124151,   -0.11875,-0.00975008, -0.0161209,-0.00975008,  -0.430226,  -0.124151,-0.00975008,  -0.124151]
	PARPACK diagonalization completed after 30 matrix-vector product operations.
	iteration results: : total energy is -26.241683 | electron energy -26.242498 + phonon energy 0.000815 | electron momentum kIdx = 0
The 7-th iteration is completed.	|| time cost : 0h 0m 21.685s
********************************************************************************************************************
Start the 8 rounds of NGS-ED iteration
	effective electronic model is modified as: kinetic energy t = 0.990954
	                                           effective interaction Vq = [   -1.15141,  -0.430342,  -0.118748,  -0.430342,  -0.430342,   -0.12415,-0.00974977,   -0.12415,  -0.118748,-0.00974977, -0.0161206,-0.00974977,  -0.430342,   -0.12415,-0.00974977,   -0.12415]
	PARPACK diagonalization completed after 30 matrix-vector product operations.
	iteration results: : total energy is -26.248198 | electron energy -26.249020 + phonon energy 0.000822 | electron momentum kIdx = 0
The 8-th iteration is completed.	|| time cost : 0h 0m 21.689s
********************************************************************************************************************
Start the 9 rounds of NGS-ED iteration
	effective electronic model is modified as: kinetic energy t = 0.990952
	                                           effective interaction Vq = [   -1.15169,  -0.430407,  -0.118747,  -0.430407,  -0.430407,   -0.12415,-0.00974966,   -0.12415,  -0.118747,-0.00974966, -0.0161205,-0.00974966,  -0.430407,   -0.12415,-0.00974966,   -0.12415]
	PARPACK diagonalization completed after 30 matrix-vector product operations.
	iteration results: : total energy is -26.251633 | electron energy -26.252460 + phonon energy 0.000827 | electron momentum kIdx = 0
The 9-th iteration is completed.	|| time cost : 0h 0m 21.703s
********************************************************************************************************************
Start the 10 rounds of NGS-ED iteration
	effective electronic model is modified as: kinetic energy t = 0.990951
	                                           effective interaction Vq = [   -1.15184,  -0.430444,  -0.118747,  -0.430444,  -0.430444,   -0.12415,-0.00974962,   -0.12415,  -0.118747,-0.00974962, -0.0161204,-0.00974962,  -0.430444,   -0.12415,-0.00974962,   -0.12415]
	PARPACK diagonalization completed after 30 matrix-vector product operations.
	iteration results: : total energy is -26.253445 | electron energy -26.254274 + phonon energy 0.000829 | electron momentum kIdx = 0
	Nq(0) = 12.25,	Nq(1) = 0.159717,	Nq(2) = 0.187212,	Nq(3) = 0.159717,	Nq(4) = 0.159717,	Nq(5) = 0.205149,	Nq(6) = 0.236624,	Nq(7) = 0.205149,	Nq(8) = 0.187212,	Nq(9) = 0.236624,	Nq(10) = 0.277315,	Nq(11) = 0.236624,	Nq(12) = 0.159717,	Nq(13) = 0.205149,	Nq(14) = 0.236624,	Nq(15) = 0.205149,	Sq(0) = 2.86431e-18,	Sq(1) = 0.470222,	Sq(2) = 0.762707,	Sq(3) = 0.470222,	Sq(4) = 0.470222,	Sq(5) = 0.628374,	Sq(6) = 1.05232,	Sq(7) = 0.628374,	Sq(8) = 0.762707,	Sq(9) = 1.05232,	Sq(10) = 2.56322,	Sq(11) = 1.05232,	Sq(12) = 0.470222,	Sq(13) = 0.628374,	Sq(14) = 1.05232,	Sq(15) = 0.628374,	N(0) = 1.76071,	N(1) = 1.60045,	N(2) = 0.316276,	N(3) = 1.60045,	N(4) = 1.60045,	N(5) = 0.998206,	N(6) = 0.262094,	N(7) = 0.998206,	N(8) = 0.316276,	N(9) = 0.262094,	N(10) = 0.163736,	N(11) = 0.262094,	N(12) = 1.60045,	N(13) = 0.998206,	N(14) = 0.262094,	N(15) = 0.998206,	Delta[s](0) = 0.0802509,	Delta[s](1) = 0.0603626,	Delta[s](2) = 0.0366238,	Delta[s](3) = 0.0603626,	Delta[s](4) = 0.0603626,	Delta[s](5) = 0.0435583,	Delta[s](6) = 0.0207991,	Delta[s](7) = 0.0435583,	Delta[s](8) = 0.0366238,	Delta[s](9) = 0.0207991,	Delta[s](10) = 0.00147047,	Delta[s](11) = 0.0207991,	Delta[s](12) = 0.0603626,	Delta[s](13) = 0.0435583,	Delta[s](14) = 0.0207991,	Delta[s](15) = 0.0435583,	Delta[d](0) = 0.314868,	Delta[d](1) = 0.213238,	Delta[d](2) = 0.222791,	Delta[d](3) = 0.213238,	Delta[d](4) = 0.213238,	Delta[d](5) = 0.197655,	Delta[d](6) = 0.14777,	Delta[d](7) = 0.197655,	Delta[d](8) = 0.222791,	Delta[d](9) = 0.14777,	Delta[d](10) = 0.0606914,	Delta[d](11) = 0.14777,	Delta[d](12) = 0.213238,	Delta[d](13) = 0.197655,	Delta[d](14) = 0.14777,	Delta[d](15) = 0.197655,	Delta[s+](0) = 0.624267,	Delta[s+](1) = 0.464735,	Delta[s+](2) = 0.222791,	Delta[s+](3) = 0.464735,	Delta[s+](4) = 0.464735,	Delta[s+](5) = 0.324506,	Delta[s+](6) = 0.140732,	Delta[s+](7) = 0.324506,	Delta[s+](8) = 0.222791,	Delta[s+](9) = 0.140732,	Delta[s+](10) = 0.0431693,	Delta[s+](11) = 0.140732,	Delta[s+](12) = 0.464735,	Delta[s+](13) = 0.324506,	Delta[s+](14) = 0.140732,	Delta[s+](15) = 0.324506
The 10-th iteration is completed.	|| time cost : 0h 3m 58.338s
********************************************************************************************************************
Start the 11 rounds of NGS-ED iteration
	effective electronic model is modified as: kinetic energy t = 0.99095
