SNEDics v3.21.4 Non-Gaussian ED ground state program		Start at Mon Jul 26 16:46:56 2021

parallized on 32 MPI threads  * 8 OpenMP threads = 256 total threads.
********************************************************************************************************************
********************************************************************************************************************

********************************************************************************************************************
System parameters and configurations
	special program options are enabled: splitted diagonal Hamiltonian | splitted Hamiltonian terms
********************************************************************************************************************
Read input file "model_params.in"
	Hubbard-Holstein model parameters : 	t = 1    U = 8    g = 0.08    W = 0.2    g' = 0.09    
********************************************************************************************************************
Read input file "hilbertspace_params.in"
	Requested 16-site 2D lattice, with 14 electrons (7, 7)
	Boundary : Periodic		Hilbert space representation : momentum-space (restricted to kIdx = 0)
	Conservation: particle number[U(1)]      spin[U(1)]     momentum
********************************************************************************************************************

Cluster Positions:				Cluster symmetry group : D4
 x ... x ... x ... x .....                       x ... x ... x ... x .....
 |           |           :                       |           |           :
 |           |           :                       |           |           :
12    13    14    15     x                       1     5     6     5     x
 |           |           :                       |           |           :
 |           |           :                       |           |           :
 8 --- 9 ---10 ---11 --- x                       2 --- 6 ---10 --- 6 --- x
 |           |           :                       |           |           :
 |           |           :                       |           |           :
 4     5     6     7     x                       1     5     6     5     x
 |           |           :                       |           |           :
 |           |           :                       |           |           :
 0 --- 1 --- 2 --- 3 --- x                       0 --- 1 --- 2 --- 1 --- x
orbital number : 1
********************************************************************************************************************
Read input file "obs_params.in"
	Observable Type : Nq(All),   Sq(All),   N(All),   Delta[s](All),   Delta[d](All),   Delta[s+](All)
** WARNING ** the input observables have non-local factors which have been reinterpreted. The total observable number is 96
********************************************************************************************************************


********************************************************************************************************************
Start calculating the non-Gaussian ED ground state
Maximal iteration number is 1000; energy resolution is 1e-06. Phonon state relaxation time is 2000
W = 0.2 is relatively large. The non-Gaussian ED calculation starts directly.
open output files: NGSED_iteration_obserbles.txt
********************************************************************************************************************
Start the 0 rounds of NGS-ED iteration
	effective electronic model is modified as: kinetic energy t = 1
	                                           effective interaction Vq = [0,0,0,0,0,0,0,0,0,0,0,0,0,0,0,0]
	first Hamiltonian is constructed, size = 8179600 and non-zero numbers = 2178478298
	PARPACK diagonalization completed after 180 matrix-vector product operations.
	iteration results: : total energy is -11.868836 | electron energy -11.868836 + phonon energy 0.000000 | electron momentum kIdx = 0
	Nq(0) = 12.25,	Nq(1) = 0.154193,	Nq(2) = 0.185311,	Nq(3) = 0.154193,	Nq(4) = 0.154193,	Nq(5) = 0.203281,	
	Nq(6) = 0.235634,	Nq(7) = 0.203281,	Nq(8) = 0.185311,	Nq(9) = 0.235634,	Nq(10) = 0.275446,	
	Nq(11) = 0.235634,	Nq(12) = 0.154193,	Nq(13) = 0.203281,	Nq(14) = 0.235634,	Nq(15) = 0.203281;	
	Sq(0) = -1.83137e-18,	Sq(1) = 0.474292,	Sq(2) = 0.766364,	Sq(3) = 0.474292,	Sq(4) = 0.474292,	
	Sq(5) = 0.630724,	Sq(6) = 1.05279,	Sq(7) = 0.630724,	Sq(8) = 0.766364,	Sq(9) = 1.05279,	
	Sq(10) = 2.56755,	Sq(11) = 1.05279,	Sq(12) = 0.474292,	Sq(13) = 0.630724,	Sq(14) = 1.05279,	
	Sq(15) = 0.630724;	N(0) = 1.75464,	N(1) = 1.59086,	N(2) = 0.323321,	N(3) = 1.59086,	
	N(4) = 1.59086,	N(5) = 0.999881,	N(6) = 0.267546,	N(7) = 0.999881,	N(8) = 0.323321,	
	N(9) = 0.267546,	N(10) = 0.165565,	N(11) = 0.267546,	N(12) = 1.59086,	N(13) = 0.999881,	
	N(14) = 0.267546,	N(15) = 0.999881;	Delta[s](0) = 0.0792488,	Delta[s](1) = 0.0592181,	Delta[s](2) = 0.0354121,	
	Delta[s](3) = 0.0592181,	Delta[s](4) = 0.0592181,	Delta[s](5) = 0.0422926,	Delta[s](6) = 0.0194955,	Delta[s](7) = 0.0422926,	
	Delta[s](8) = 0.0354121,	Delta[s](9) = 0.0194955,	Delta[s](10) = 0.000152407,	Delta[s](11) = 0.0194955,	Delta[s](12) = 0.0592181,	
	Delta[s](13) = 0.0422926,	Delta[s](14) = 0.0194955,	Delta[s](15) = 0.0422926;	Delta[d](0) = 0.275785,	Delta[d](1) = 0.189777,	
	Delta[d](2) = 0.199509,	Delta[d](3) = 0.189777,	Delta[d](4) = 0.189777,	Delta[d](5) = 0.176471,	Delta[d](6) = 0.132391,	
	Delta[d](7) = 0.176471,	Delta[d](8) = 0.199509,	Delta[d](9) = 0.132391,	Delta[d](10) = 0.0533781,	Delta[d](11) = 0.132391,	
	Delta[d](12) = 0.189777,	Delta[d](13) = 0.176471,	Delta[d](14) = 0.132391,	Delta[d](15) = 0.176471;	Delta[s+](0) = 0.559557,	
	Delta[s+](1) = 0.41665,	Delta[s+](2) = 0.199509,	Delta[s+](3) = 0.41665,	Delta[s+](4) = 0.41665,	Delta[s+](5) = 0.291192,	
	Delta[s+](6) = 0.126024,	Delta[s+](7) = 0.291192,	Delta[s+](8) = 0.199509,	Delta[s+](9) = 0.126024,	Delta[s+](10) = 0.0381869,	
	Delta[s+](11) = 0.126024,	Delta[s+](12) = 0.41665,	Delta[s+](13) = 0.291192,	Delta[s+](14) = 0.126024,	Delta[s+](15) = 0.291192
	
The 0-th iteration is completed.	|| time cost : 0h 4m 44.153s
********************************************************************************************************************
Start the 1 rounds of NGS-ED iteration
	effective electronic model is modified as: kinetic energy t = 0.999025
	                                           effective interaction Vq = [     -0.968, -0.0371503,-0.00213355, -0.0371503, -0.0371503,-0.00232985,-0.00285162,-0.00232985,-0.00213355,-0.00285162, -0.0201672,-0.00285162, -0.0371503,-0.00232985,-0.00285162,-0.00232985]
	PARPACK diagonalization completed after 60 matrix-vector product operations.
	iteration results: : total energy is -23.744002 | electron energy -23.744197 + phonon energy 0.000196 | electron momentum kIdx = 0
The 1-th iteration is completed.	|| time cost : 0h 2m 59.844s
********************************************************************************************************************
Start the 2 rounds of NGS-ED iteration
	effective electronic model is modified as: kinetic energy t = 0.999022
	                                           effective interaction Vq = [     -0.968, -0.0372386,-0.00213245, -0.0372386, -0.0372386,-0.00232822,-0.00285078,-0.00232822,-0.00213245,-0.00285078, -0.0201908,-0.00285078, -0.0372386,-0.00232822,-0.00285078,-0.00232822]
	PARPACK diagonalization completed after 30 matrix-vector product operations.
	iteration results: : total energy is -23.744002 | electron energy -23.744199 + phonon energy 0.000198 | electron momentum kIdx = 0
The 2-th iteration is completed.	|| time cost : 0h 0m 21.832s
********************************************************************************************************************
Start the 3 rounds of NGS-ED iteration
	effective electronic model is modified as: kinetic energy t = 0.999022
	                                           effective interaction Vq = [     -0.968, -0.0372388,-0.00213244, -0.0372388, -0.0372388,-0.00232821,-0.00285077,-0.00232821,-0.00213244,-0.00285077, -0.0201908,-0.00285077, -0.0372388,-0.00232821,-0.00285077,-0.00232821]
	PARPACK diagonalization completed after 30 matrix-vector product operations.
	iteration results: : total energy is -23.744002 | electron energy -23.744199 + phonon energy 0.000198 | electron momentum kIdx = 0
The 3-th iteration is completed.	|| time cost : 0h 0m 21.824s
********************************************************************************************************************
Start the 4 rounds of NGS-ED iteration
	effective electronic model is modified as: kinetic energy t = 0.999022
	                                           effective interaction Vq = [     -0.968, -0.0372388,-0.00213244, -0.0372388, -0.0372388,-0.00232821,-0.00285077,-0.00232821,-0.00213244,-0.00285077, -0.0201908,-0.00285077, -0.0372388,-0.00232821,-0.00285077,-0.00232821]
	PARPACK diagonalization completed after 30 matrix-vector product operations.
	iteration results: : total energy is -23.744002 | electron energy -23.744199 + phonon energy 0.000198 | electron momentum kIdx = 0
	Nq(0) = 12.25,	Nq(1) = 0.154661,	Nq(2) = 0.185318,	Nq(3) = 0.154661,	Nq(4) = 0.154661,	Nq(5) = 0.203248,	
	Nq(6) = 0.235698,	Nq(7) = 0.203248,	Nq(8) = 0.185318,	Nq(9) = 0.235698,	Nq(10) = 0.275919,	
	Nq(11) = 0.235698,	Nq(12) = 0.154661,	Nq(13) = 0.203248,	Nq(14) = 0.235698,	Nq(15) = 0.203248;	
	Sq(0) = 4.48934e-19,	Sq(1) = 0.473899,	Sq(2) = 0.766122,	Sq(3) = 0.473899,	Sq(4) = 0.473899,	
	Sq(5) = 0.630515,	Sq(6) = 1.0531,	Sq(7) = 0.630515,	Sq(8) = 0.766122,	Sq(9) = 1.0531,	
	Sq(10) = 2.56673,	Sq(11) = 1.0531,	Sq(12) = 0.473899,	Sq(13) = 0.630515,	Sq(14) = 1.0531,	
	Sq(15) = 0.630515;	N(0) = 1.75498,	N(1) = 1.59147,	N(2) = 0.323154,	N(3) = 1.59147,	
	N(4) = 1.59147,	N(5) = 0.99971,	N(6) = 0.26713,	N(7) = 0.99971,	N(8) = 0.323154,	
	N(9) = 0.26713,	N(10) = 0.165476,	N(11) = 0.26713,	N(12) = 1.59147,	N(13) = 0.99971,	
	N(14) = 0.26713,	N(15) = 0.99971;	Delta[s](0) = 0.0793994,	Delta[s](1) = 0.0593327,	Delta[s](2) = 0.0354766,	
	Delta[s](3) = 0.0593327,	Delta[s](4) = 0.0593327,	Delta[s](5) = 0.0423803,	Delta[s](6) = 0.0195332,	Delta[s](7) = 0.0423803,	
	Delta[s](8) = 0.0354766,	Delta[s](9) = 0.0195332,	Delta[s](10) = 0.000153383,	Delta[s](11) = 0.0195332,	Delta[s](12) = 0.0593327,	
	Delta[s](13) = 0.0423803,	Delta[s](14) = 0.0195332,	Delta[s](15) = 0.0423803;	Delta[d](0) = 0.276646,	Delta[d](1) = 0.189818,	
	Delta[d](2) = 0.1995,	Delta[d](3) = 0.189818,	Delta[d](4) = 0.189818,	Delta[d](5) = 0.176484,	Delta[d](6) = 0.132321,	
	Delta[d](7) = 0.176484,	Delta[d](8) = 0.1995,	Delta[d](9) = 0.132321,	Delta[d](10) = 0.0534229,	Delta[d](11) = 0.132321,	
	Delta[d](12) = 0.189818,	Delta[d](13) = 0.176484,	Delta[d](14) = 0.132321,	Delta[d](15) = 0.176484;	Delta[s+](0) = 0.559647,	
	Delta[s+](1) = 0.416706,	Delta[s+](2) = 0.1995,	Delta[s+](3) = 0.416706,	Delta[s+](4) = 0.416706,	Delta[s+](5) = 0.291178,	
	Delta[s+](6) = 0.125976,	Delta[s+](7) = 0.291178,	Delta[s+](8) = 0.1995,	Delta[s+](9) = 0.125976,	Delta[s+](10) = 0.0381524,	
	Delta[s+](11) = 0.125976,	Delta[s+](12) = 0.416706,	Delta[s+](13) = 0.291178,	Delta[s+](14) = 0.125976,	Delta[s+](15) = 0.291178
	
The 4-th iteration is completed.	|| time cost : 0h 3m 7.396s
********************************************************************************************************************
********************************************************************************************************************
Ground state is obtained after 5 iterations. The current ground-state energy is -23.744, in which electron energy is -23.7442 and phonon energy is 0.000197702
Final variational state is: 
	Gamma_x = [      1,1.02835,1.00194,1.02835,1.02835,1.00232,1.00332,1.00232,1.00194,1.00332,1.02786,1.00332,1.02835,1.00232,1.00332,1.00232]
	lambda_q = [       2.2, 0.0737024, 0.0135575, 0.0737024, 0.0737024, 0.0148261,-0.0144631, 0.0148261, 0.0135575,-0.0144631,-0.0365316,-0.0144631, 0.0737024, 0.0148261,-0.0144631, 0.0148261]
Effective e-e interactions mediated by phonons are:
	momentum-space Vq = [     -0.968, -0.0372388,-0.00213244, -0.0372388, -0.0372388,-0.00232821,-0.00285077,-0.00232821,-0.00213244,-0.00285077, -0.0201908,-0.00285077, -0.0372388,-0.00232821,-0.00285077,-0.00232821]
	real-space Vr = [-0.0726329,-0.0635366,-0.0614464,-0.0635366,-0.0635366,-0.0614954,-0.0549396,-0.0614954,-0.0614464,-0.0549396,-0.0525881,-0.0549396,-0.0635366,-0.0614954,-0.0549396,-0.0614954]
********************************************************************************************************************
o___o  ----------------------------------------
| L |	Time since last clock: 0h 0m 0.012s
A===A	Time since the beginning: 0h 11m 35.064s
***********************************************


Non-Gaussina ED ground state calculation is completed. The final ground-state energy is -23.744
********************************************************************************************************************
o___o  ----------------------------------------
| L |	Time since last clock: 0h 0m 0.007s
A===A	Time since the beginning: 0h 11m 35.071s
***********************************************



********************************************************************************************************************
All non-Gaussian ED ground state calculations have been completed. Exit now.
