SNEDics v3.22.2 Non-Gaussian ED ground state program		Start at Sun Apr 24 12:49:55 2022

Parallelization: 32 MPI threads  * 8 OpenMP threads = 256 total threads.
********************************************************************************************************************
********************************************************************************************************************

********************************************************************************************************************
System parameters and configurations
	special program options are enabled: splitted diagonal Hamiltonian | splitted Hamiltonian terms
********************************************************************************************************************
Read input file "model_params.in"
	Hubbard-Holstein model parameters : 	t = 1    t' = -0.3    U = 8    g = 0.2    W = 0.2    g' = 0.45    
********************************************************************************************************************
Read input file "hilbertspace_params.in"
	Requested 16-site 2D lattice, with 8 electrons (4, 4)
	Boundary : Periodic		Hilbert space representation : momentum-space (restricted to kIdx = 10)
	Conservation: particle number[U(1)]      spin[U(1)]     momentum
********************************************************************************************************************

Cluster Positions:				Cluster symmetry group : D4
 x ... x ... x ... x .....                       x ... x ... x ... x .....
 |           |           :                       |           |           :
 |           |           :                       |           |           :
12    13    14    15     x                       1     5     6     5     x
 |           |           :                       |           |           :
 |           |           :                       |           |           :
 8 --- 9 ---10 ---11 --- x                       2 --- 6 ---10 --- 6 --- x
 |           |           :                       |           |           :
 |           |           :                       |           |           :
 4     5     6     7     x                       1     5     6     5     x
 |           |           :                       |           |           :
 |           |           :                       |           |           :
 0 --- 1 --- 2 --- 3 --- x                       0 --- 1 --- 2 --- 1 --- x
orbital number : 1
********************************************************************************************************************
Read input file "obs_params.in"
	Observable Type : Nq(All),   Sq(All),   N(All-Orbital),   Delta[s](All),   Delta[d](All),   Delta[s+](All)
** WARNING ** the input observables have non-local factors which have been reinterpreted. The total observable number is 96
********************************************************************************************************************


********************************************************************************************************************
Start calculating the non-Gaussian ED ground state
Maximal iteration number is 1000; energy resolution is 1e-06. Phonon state relaxation time is 2000
W = 0.2 is relatively large. The non-Gaussian ED calculation starts directly.
open output files: NGSED_iteration_observables.txt
********************************************************************************************************************
Start the 0 rounds of NGS-ED iteration
	effective electronic model is modified as: kinetic energy t = 1, t' = -0.3
	                                           effective interaction Vq = [0,0,0,0,0,0,0,0,0,0,0,0,0,0,0,0]
	first Hamiltonian is constructed, size = 207168 and non-zero numbers = 32240256
	PARPACK diagonalization completed after 105 matrix-vector product operations.
	iteration results: : total energy is -14.405877 | electron energy -14.405877 + phonon energy 0.000000 | electron momentum kIdx = 10
	Nq(0) = 4,	Nq(1) = 0.191255,	Nq(2) = 0.234333,	Nq(3) = 0.191255,	Nq(4) = 0.191255,	Nq(5) = 0.305984,	
	Nq(6) = 0.331756,	Nq(7) = 0.305984,	Nq(8) = 0.234333,	Nq(9) = 0.331756,	Nq(10) = 0.361611,	
	Nq(11) = 0.331756,	Nq(12) = 0.191255,	Nq(13) = 0.305984,	Nq(14) = 0.331756,	Nq(15) = 0.305984;	
	Sq(0) = -3.48352e-18,	Sq(1) = 0.388709,	Sq(2) = 0.400904,	Sq(3) = 0.388709,	Sq(4) = 0.388709,	
	Sq(5) = 0.66772,	Sq(6) = 0.571758,	Sq(7) = 0.66772,	Sq(8) = 0.400904,	Sq(9) = 0.571758,	
	Sq(10) = 0.539189,	Sq(11) = 0.571758,	Sq(12) = 0.388709,	Sq(13) = 0.66772,	Sq(14) = 0.571758,	
	Sq(15) = 0.66772;	N(0) = 1.74885,	N(1) = 0.991935,	N(2) = 0.972078,	N(3) = 0.991935,	
	N(4) = 0.991935,	N(5) = 0.0652548,	N(6) = 0.0181601,	N(7) = 0.0652548,	N(8) = 0.972078,	
	N(9) = 0.0181601,	N(10) = 0.00559157,	N(11) = 0.0181601,	N(12) = 0.991935,	N(13) = 0.0652548,	
	N(14) = 0.0181601,	N(15) = 0.0652548;	Delta[s](0) = 0.00902597,	Delta[s](1) = 0.00669815,	Delta[s](2) = 0.0067722,	
	Delta[s](3) = 0.00669815,	Delta[s](4) = 0.00669815,	Delta[s](5) = 0.00264299,	Delta[s](6) = 0.00267756,	Delta[s](7) = 0.00264299,	
	Delta[s](8) = 0.0067722,	Delta[s](9) = 0.00267756,	Delta[s](10) = 0.0024823,	Delta[s](11) = 0.00267756,	Delta[s](12) = 0.00669815,	
	Delta[s](13) = 0.00264299,	Delta[s](14) = 0.00267756,	Delta[s](15) = 0.00264299;	Delta[d](0) = 0.0262566,	Delta[d](1) = 0.0597539,	
	Delta[d](2) = 0.118739,	Delta[d](3) = 0.0597539,	Delta[d](4) = 0.0597539,	Delta[d](5) = 0.0775746,	Delta[d](6) = 0.147706,	
	Delta[d](7) = 0.0775746,	Delta[d](8) = 0.118739,	Delta[d](9) = 0.147706,	Delta[d](10) = 0.248911,	Delta[d](11) = 0.147706,	
	Delta[d](12) = 0.0597539,	Delta[d](13) = 0.0775746,	Delta[d](14) = 0.147706,	Delta[d](15) = 0.0775746;	Delta[s+](0) = 0.193173,	
	Delta[s+](1) = 0.129247,	Delta[s+](2) = 0.118739,	Delta[s+](3) = 0.129247,	Delta[s+](4) = 0.129247,	Delta[s+](5) = 0.0283626,	
	Delta[s+](6) = 0.0301786,	Delta[s+](7) = 0.0283626,	Delta[s+](8) = 0.118739,	Delta[s+](9) = 0.0301786,	Delta[s+](10) = 0.0151291,	
	Delta[s+](11) = 0.0301786,	Delta[s+](12) = 0.129247,	Delta[s+](13) = 0.0283626,	Delta[s+](14) = 0.0301786,	Delta[s+](15) = 0.0283626
	
The 0-th iteration is completed.	|| time cost : 0h 0m 5.648s
********************************************************************************************************************
Start the 1 rounds of NGS-ED iteration
	effective electronic model is modified as: kinetic energy t = 0.811379, t' = -0.248106
	                                           effective interaction Vq = [       -20,  -3.49989,-0.0227649,  -3.49989,  -3.49989,-0.0298196, -0.493726,-0.0298196,-0.0227649, -0.493726,  -9.94268, -0.493726,  -3.49989,-0.0298196, -0.493726,-0.0298196]
	PARPACK diagonalization completed after 165 matrix-vector product operations.
	iteration results: : total energy is -119.330117 | electron energy -121.221461 + phonon energy 1.891344 | electron momentum kIdx = 10
The 1-th iteration is completed.	|| time cost : 0h 0m 4.6s
********************************************************************************************************************
Start the 2 rounds of NGS-ED iteration
	effective electronic model is modified as: kinetic energy t = 0.614544, t' = -0.298976
	                                           effective interaction Vq = [        -20,  -0.216992,-0.00683399,  -0.216992,  -0.216992,-0.00669069, -0.0796959,-0.00669069,-0.00683399, -0.0796959,   -12.7966, -0.0796959,  -0.216992,-0.00669069, -0.0796959,-0.00669069]
	PARPACK diagonalization completed after 30 matrix-vector product operations.
	iteration results: : total energy is -131.361273 | electron energy -132.063682 + phonon energy 0.702409 | electron momentum kIdx = 10
The 2-th iteration is completed.	|| time cost : 0h 0m 1.349s
********************************************************************************************************************
Start the 3 rounds of NGS-ED iteration
	effective electronic model is modified as: kinetic energy t = 0.466201, t' = -0.298903
	                                           effective interaction Vq = [        -20,  -0.228556,-0.00732987,  -0.228556,  -0.228556,-0.00677747, -0.0774411,-0.00677747,-0.00732987, -0.0774411,   -12.7987, -0.0774411,  -0.228556,-0.00677747, -0.0774411,-0.00677747]
	PARPACK diagonalization completed after 30 matrix-vector product operations.
	iteration results: : total energy is -131.464659 | electron energy -131.884864 + phonon energy 0.420205 | electron momentum kIdx = 10
The 3-th iteration is completed.	|| time cost : 0h 0m 1.246s
********************************************************************************************************************
Start the 4 rounds of NGS-ED iteration
	effective electronic model is modified as: kinetic energy t = 0.375739, t' = -0.298694
	                                           effective interaction Vq = [        -20,  -0.248226,-0.00796381,  -0.248226,  -0.248226,-0.00747162, -0.0857021,-0.00747162,-0.00796381, -0.0857021,   -12.7992, -0.0857021,  -0.248226,-0.00747162, -0.0857021,-0.00747162]
	PARPACK diagonalization completed after 30 matrix-vector product operations.
	iteration results: : total energy is -131.489064 | electron energy -131.798823 + phonon energy 0.309759 | electron momentum kIdx = 10
The 4-th iteration is completed.	|| time cost : 0h 0m 1.196s
********************************************************************************************************************
Start the 5 rounds of NGS-ED iteration
	effective electronic model is modified as: kinetic energy t = 0.289003, t' = -0.298495
	                                           effective interaction Vq = [        -20,  -0.263659,-0.00845856,  -0.263659,  -0.263659,-0.00814156, -0.0949885,-0.00814156,-0.00845856, -0.0949885,   -12.7995, -0.0949885,  -0.263659,-0.00814156, -0.0949885,-0.00814156]
	PARPACK diagonalization completed after 30 matrix-vector product operations.
	iteration results: : total energy is -131.506383 | electron energy -131.733486 + phonon energy 0.227103 | electron momentum kIdx = 10
The 5-th iteration is completed.	|| time cost : 0h 0m 1.042s
********************************************************************************************************************
Start the 6 rounds of NGS-ED iteration
	effective electronic model is modified as: kinetic energy t = 0.000392717, t' = -0.297851
	                                           effective interaction Vq = [       -20,   -0.2991,-0.0095894,   -0.2991,   -0.2991,-0.0101618, -0.129328,-0.0101618,-0.0095894, -0.129328,     -12.8, -0.129328,   -0.2991,-0.0101618, -0.129328,-0.0101618]
	PARPACK diagonalization completed after 30 matrix-vector product operations.
	iteration results: : total energy is -131.639101 | electron energy -131.639145 + phonon energy 0.000044 | electron momentum kIdx = 10
The 6-th iteration is completed.	|| time cost : 0h 0m 1.028s
********************************************************************************************************************
Start the 7 rounds of NGS-ED iteration
	effective electronic model is modified as: kinetic energy t = 0.000333793, t' = -0.298027
	                                           effective interaction Vq = [        -20,  -0.292887,-0.00939388,  -0.292887,  -0.292887,-0.00959401,  -0.117959,-0.00959401,-0.00939388,  -0.117959,      -12.8,  -0.117959,  -0.292887,-0.00959401,  -0.117959,-0.00959401]
	PARPACK diagonalization completed after 30 matrix-vector product operations.
	iteration results: : total energy is -131.639139 | electron energy -131.639160 + phonon energy 0.000021 | electron momentum kIdx = 10
The 7-th iteration is completed.	|| time cost : 0h 0m 1.036s
********************************************************************************************************************
Start the 8 rounds of NGS-ED iteration
	effective electronic model is modified as: kinetic energy t = 0.000333785, t' = -0.298029
	                                           effective interaction Vq = [        -20,  -0.292719,-0.00938901,  -0.292719,  -0.292719,-0.00958873,  -0.117892,-0.00958873,-0.00938901,  -0.117892,      -12.8,  -0.117892,  -0.292719,-0.00958873,  -0.117892,-0.00958873]
	PARPACK diagonalization completed after 30 matrix-vector product operations.
	iteration results: : total energy is -131.639139 | electron energy -131.639160 + phonon energy 0.000021 | electron momentum kIdx = 10
The 8-th iteration is completed.	|| time cost : 0h 0m 1.026s
********************************************************************************************************************
Start the 9 rounds of NGS-ED iteration
	effective electronic model is modified as: kinetic energy t = 0.000333785, t' = -0.298029
	                                           effective interaction Vq = [        -20,  -0.292716,-0.00938894,  -0.292716,  -0.292716,-0.00958866,  -0.117891,-0.00958866,-0.00938894,  -0.117891,      -12.8,  -0.117891,  -0.292716,-0.00958866,  -0.117891,-0.00958866]
	PARPACK diagonalization completed after 30 matrix-vector product operations.
	iteration results: : total energy is -131.639139 | electron energy -131.639160 + phonon energy 0.000021 | electron momentum kIdx = 10
The 9-th iteration is completed.	|| time cost : 0h 0m 1.04s
********************************************************************************************************************
Start the 10 rounds of NGS-ED iteration
	effective electronic model is modified as: kinetic energy t = 0.000333785, t' = -0.298029
	                                           effective interaction Vq = [        -20,  -0.292716,-0.00938894,  -0.292716,  -0.292716,-0.00958866,  -0.117891,-0.00958866,-0.00938894,  -0.117891,      -12.8,  -0.117891,  -0.292716,-0.00958866,  -0.117891,-0.00958866]
	PARPACK diagonalization completed after 30 matrix-vector product operations.
	iteration results: : total energy is -131.639139 | electron energy -131.639160 + phonon energy 0.000021 | electron momentum kIdx = 10
	Nq(0) = 4,	Nq(1) = 0.00657894,	Nq(2) = 0.0128665,	Nq(3) = 0.00657894,	Nq(4) = 0.00657894,	Nq(5) = 0.00657715,	
	Nq(6) = 0.00657894,	Nq(7) = 0.00657715,	Nq(8) = 0.0128665,	Nq(9) = 0.00657894,	Nq(10) = 4,	
	Nq(11) = 0.00657894,	Nq(12) = 0.00657894,	Nq(13) = 0.00657715,	Nq(14) = 0.00657894,	Nq(15) = 0.00657715;	
	Sq(0) = -3.34833e-19,	Sq(1) = 0.33114,	Sq(2) = 1.96082,	Sq(3) = 0.33114,	Sq(4) = 0.33114,	
	Sq(5) = 0.331141,	Sq(6) = 0.33114,	Sq(7) = 0.331141,	Sq(8) = 1.96082,	Sq(9) = 0.33114,	
	Sq(10) = 1.40813e-09,	Sq(11) = 0.33114,	Sq(12) = 0.33114,	Sq(13) = 0.331141,	Sq(14) = 0.33114,	
	Sq(15) = 0.331141;	N(0) = 0.322504,	N(1) = 0.50003,	N(2) = 0.677532,	N(3) = 0.50003,	
	N(4) = 0.50003,	N(5) = 0.5,	N(6) = 0.49997,	N(7) = 0.5,	N(8) = 0.677532,	
	N(9) = 0.49997,	N(10) = 0.322432,	N(11) = 0.49997,	N(12) = 0.50003,	N(13) = 0.5,	
	N(14) = 0.49997,	N(15) = 0.5;	Delta[s](0) = 0.00635142,	Delta[s](1) = 0.00328857,	Delta[s](2) = 8.55407e-05,	
	Delta[s](3) = 0.00328857,	Delta[s](4) = 0.00328857,	Delta[s](5) = 0.00328854,	Delta[s](6) = 0.00328857,	Delta[s](7) = 0.00328854,	
	Delta[s](8) = 8.55407e-05,	Delta[s](9) = 0.00328857,	Delta[s](10) = 0.00635142,	Delta[s](11) = 0.00328857,	Delta[s](12) = 0.00328857,	
	Delta[s](13) = 0.00328854,	Delta[s](14) = 0.00328857,	Delta[s](15) = 0.00328854;	Delta[d](0) = 1.82973e-13,	Delta[d](1) = 5.49758e-11,	
	Delta[d](2) = 4.66785e-11,	Delta[d](3) = 5.49758e-11,	Delta[d](4) = 5.49758e-11,	Delta[d](5) = 1.04113e-10,	Delta[d](6) = 9.24424e-11,	
	Delta[d](7) = 1.04113e-10,	Delta[d](8) = 4.66785e-11,	Delta[d](9) = 9.24424e-11,	Delta[d](10) = 2.12201e-12,	Delta[d](11) = 9.24424e-11,	
	Delta[d](12) = 5.49758e-11,	Delta[d](13) = 1.04113e-10,	Delta[d](14) = 9.24424e-11,	Delta[d](15) = 1.04113e-10;	Delta[s+](0) = 4.56667e-10,	
	Delta[s+](1) = 3.5457e-10,	Delta[s+](2) = 4.66785e-11,	Delta[s+](3) = 3.5457e-10,	Delta[s+](4) = 3.5457e-10,	Delta[s+](5) = 2.7951e-10,	
	Delta[s+](6) = 4.41061e-11,	Delta[s+](7) = 2.7951e-10,	Delta[s+](8) = 4.66785e-11,	Delta[s+](9) = 4.41061e-11,	Delta[s+](10) = 1.15185e-12,	
	Delta[s+](11) = 4.41061e-11,	Delta[s+](12) = 3.5457e-10,	Delta[s+](13) = 2.7951e-10,	Delta[s+](14) = 4.41061e-11,	Delta[s+](15) = 2.7951e-10
	
The 10-th iteration is completed.	|| time cost : 0h 0m 3.309s
********************************************************************************************************************
********************************************************************************************************************
Ground state is obtained after 11 iterations. The current ground-state energy is -131.639, in which electron energy is -131.639 and phonon energy is 2.10746e-05
Final variational state is: 
	Gamma_x = [      1,1.00955, 1.0006,1.00955,1.00955,1.00031,1.00384,1.00031, 1.0006,1.00384,1.00002,1.00384,1.00955,1.00031,1.00384,1.00031]
	lambda_q = [        10,  0.134702, 0.0237545,  0.134702,  0.134702, 0.0242661,-0.0852461, 0.0242661, 0.0237545,-0.0852461,        -8,-0.0852461,  0.134702, 0.0242661,-0.0852461, 0.0242661]
Effective e-e interactions mediated by phonons are:
	momentum-space Vq = [        -20,  -0.292716,-0.00938894,  -0.292716,  -0.292716,-0.00958866,  -0.117891,-0.00958866,-0.00938894,  -0.117891,      -12.8,  -0.117891,  -0.292716,-0.00958866,  -0.117891,-0.00958866]
	real-space Vr = [ -2.15622,-0.471853, -2.04878,-0.471853,-0.471853, -2.04883,-0.428147, -2.04883, -2.04878,-0.428147, -1.95092,-0.428147,-0.471853, -2.04883,-0.428147, -2.04883]
********************************************************************************************************************
o___o  ----------------------------------------
| L |	Time since last clock: 0h 0m 0.009s
A===A	Time since the beginning: 0h 0m 22.534s
***********************************************


Non-Gaussina ED ground state calculation is completed. The final ground-state energy is -131.639
********************************************************************************************************************
o___o  ----------------------------------------
| L |	Time since last clock: 0h 0m 0.005s
A===A	Time since the beginning: 0h 0m 22.54s
***********************************************



********************************************************************************************************************
All non-Gaussian ED ground state calculations have been completed. Exit now.
