SNEDics v3.22.2 Non-Gaussian ED ground state program		Start at Sat Feb 19 22:09:01 2022

Parallelization: 32 MPI threads  * 8 OpenMP threads = 256 total threads.
********************************************************************************************************************
********************************************************************************************************************

********************************************************************************************************************
System parameters and configurations
	special program options are enabled: splitted diagonal Hamiltonian | splitted Hamiltonian terms
********************************************************************************************************************
Read input file "model_params.in"
	Hubbard-Holstein model parameters : 	t = 1    t' = -0.1    U = 8    g = 0.5    W = 0.2    
********************************************************************************************************************
Read input file "hilbertspace_params.in"
	Requested 16-site 2D lattice, with 8 electrons (4, 4)
	Boundary : Periodic		Hilbert space representation : momentum-space (restricted to kIdx = 0)
	Conservation: particle number[U(1)]      spin[U(1)]     momentum
********************************************************************************************************************

Cluster Positions:				Cluster symmetry group : D4
 x ... x ... x ... x .....                       x ... x ... x ... x .....
 |           |           :                       |           |           :
 |           |           :                       |           |           :
12    13    14    15     x                       1     5     6     5     x
 |           |           :                       |           |           :
 |           |           :                       |           |           :
 8 --- 9 ---10 ---11 --- x                       2 --- 6 ---10 --- 6 --- x
 |           |           :                       |           |           :
 |           |           :                       |           |           :
 4     5     6     7     x                       1     5     6     5     x
 |           |           :                       |           |           :
 |           |           :                       |           |           :
 0 --- 1 --- 2 --- 3 --- x                       0 --- 1 --- 2 --- 1 --- x
orbital number : 1
********************************************************************************************************************
Read input file "obs_params.in"
	Observable Type : Nq(All),   Sq(All),   N(All-Orbital),   Delta[s](All),   Delta[d](All),   Delta[s+](All)
** WARNING ** the input observables have non-local factors which have been reinterpreted. The total observable number is 96
********************************************************************************************************************


********************************************************************************************************************
Start calculating the non-Gaussian ED ground state
Maximal iteration number is 1000; energy resolution is 1e-06. Phonon state relaxation time is 2000
W = 0.2 is relatively large. The non-Gaussian ED calculation starts directly.
open output files: NGSED_iteration_observables.txt
********************************************************************************************************************
Start the 0 rounds of NGS-ED iteration
	effective electronic model is modified as: kinetic energy t = 1, t' = -0.1
	                                           effective interaction Vq = [0,0,0,0,0,0,0,0,0,0,0,0,0,0,0,0]
	first Hamiltonian is constructed, size = 207184 and non-zero numbers = 32252562
	PARPACK diagonalization completed after 90 matrix-vector product operations.
	iteration results: : total energy is -15.796828 | electron energy -15.796828 + phonon energy 0.000000 | electron momentum kIdx = 0
	Nq(0) = 4,	Nq(1) = 0.212073,	Nq(2) = 0.270196,	Nq(3) = 0.212073,	Nq(4) = 0.212073,	Nq(5) = 0.261866,	
	Nq(6) = 0.367085,	Nq(7) = 0.261866,	Nq(8) = 0.270196,	Nq(9) = 0.367085,	Nq(10) = 0.431218,	
	Nq(11) = 0.367085,	Nq(12) = 0.212073,	Nq(13) = 0.261866,	Nq(14) = 0.367085,	Nq(15) = 0.261866;	
	Sq(0) = 4.99534e-18,	Sq(1) = 0.423926,	Sq(2) = 0.345518,	Sq(3) = 0.423926,	Sq(4) = 0.423926,	
	Sq(5) = 0.57037,	Sq(6) = 0.613812,	Sq(7) = 0.57037,	Sq(8) = 0.345518,	Sq(9) = 0.613812,	
	Sq(10) = 0.540827,	Sq(11) = 0.613812,	Sq(12) = 0.423926,	Sq(13) = 0.57037,	Sq(14) = 0.613812,	
	Sq(15) = 0.57037;	N(0) = 1.80608,	N(1) = 1.36904,	N(2) = 0.101336,	N(3) = 1.36904,	
	N(4) = 1.36904,	N(5) = 0.0846752,	N(6) = 0.0396407,	N(7) = 0.0846752,	N(8) = 0.101336,	
	N(9) = 0.0396407,	N(10) = 0.0178366,	N(11) = 0.0396407,	N(12) = 1.36904,	N(13) = 0.0846752,	
	N(14) = 0.0396407,	N(15) = 0.0846752;	Delta[s](0) = 0.0337474,	Delta[s](1) = 0.0183818,	Delta[s](2) = 0.00980188,	
	Delta[s](3) = 0.0183818,	Delta[s](4) = 0.0183818,	Delta[s](5) = 0.00916981,	Delta[s](6) = 0.000918964,	Delta[s](7) = 0.00916981,	
	Delta[s](8) = 0.00980188,	Delta[s](9) = 0.000918964,	Delta[s](10) = 0.000619201,	Delta[s](11) = 0.000918964,	Delta[s](12) = 0.0183818,	
	Delta[s](13) = 0.00916981,	Delta[s](14) = 0.000918964,	Delta[s](15) = 0.00916981;	Delta[d](0) = 0.258769,	Delta[d](1) = 0.0595915,	
	Delta[d](2) = 0.0801116,	Delta[d](3) = 0.0595915,	Delta[d](4) = 0.0595915,	Delta[d](5) = 0.0558676,	Delta[d](6) = 0.0151092,	
	Delta[d](7) = 0.0558676,	Delta[d](8) = 0.0801116,	Delta[d](9) = 0.0151092,	Delta[d](10) = 0.0090625,	Delta[d](11) = 0.0151092,	
	Delta[d](12) = 0.0595915,	Delta[d](13) = 0.0558676,	Delta[d](14) = 0.0151092,	Delta[d](15) = 0.0558676;	Delta[s+](0) = 0.386813,	
	Delta[s+](1) = 0.218884,	Delta[s+](2) = 0.0801116,	Delta[s+](3) = 0.218884,	Delta[s+](4) = 0.218884,	Delta[s+](5) = 0.0722141,	
	Delta[s+](6) = 0.00405796,	Delta[s+](7) = 0.0722141,	Delta[s+](8) = 0.0801116,	Delta[s+](9) = 0.00405796,	Delta[s+](10) = 0.000941957,	
	Delta[s+](11) = 0.00405796,	Delta[s+](12) = 0.218884,	Delta[s+](13) = 0.0722141,	Delta[s+](14) = 0.00405796,	Delta[s+](15) = 0.0722141
	
The 0-th iteration is completed.	|| time cost : 0h 0m 4.815s
********************************************************************************************************************
Start the 1 rounds of NGS-ED iteration
	effective electronic model is modified as: kinetic energy t = 0.981033, t' = -0.0976392
	                                           effective interaction Vq = [    -1.25,-0.226568,-0.147318,-0.226568,-0.226568,-0.135752,-0.133837,-0.135752,-0.147318,-0.133837,-0.117221,-0.133837,-0.226568,-0.135752,-0.133837,-0.135752]
	PARPACK diagonalization completed after 30 matrix-vector product operations.
	iteration results: : total energy is -21.102786 | electron energy -21.136903 + phonon energy 0.034117 | electron momentum kIdx = 0
The 1-th iteration is completed.	|| time cost : 0h 0m 3.468s
********************************************************************************************************************
Start the 2 rounds of NGS-ED iteration
	effective electronic model is modified as: kinetic energy t = 0.980931, t' = -0.0976027
	                                           effective interaction Vq = [    -1.25,-0.231539,-0.147469,-0.231539,-0.231539,-0.135373, -0.13312,-0.135373,-0.147469, -0.13312,-0.115391, -0.13312,-0.231539,-0.135373, -0.13312,-0.135373]
	PARPACK diagonalization completed after 30 matrix-vector product operations.
	iteration results: : total energy is -21.102831 | electron energy -21.137467 + phonon energy 0.034637 | electron momentum kIdx = 0
The 2-th iteration is completed.	|| time cost : 0h 0m 0.832s
********************************************************************************************************************
Start the 3 rounds of NGS-ED iteration
	effective electronic model is modified as: kinetic energy t = 0.980925, t' = -0.0976006
	                                           effective interaction Vq = [    -1.25,-0.231825,-0.147461,-0.231825,-0.231825,-0.135359,-0.133068,-0.135359,-0.147461,-0.133068,-0.115293,-0.133068,-0.231825,-0.135359,-0.133068,-0.135359]
	PARPACK diagonalization completed after 30 matrix-vector product operations.
	iteration results: : total energy is -21.102831 | electron energy -21.137489 + phonon energy 0.034659 | electron momentum kIdx = 0
The 3-th iteration is completed.	|| time cost : 0h 0m 0.807s
********************************************************************************************************************
Start the 4 rounds of NGS-ED iteration
	effective electronic model is modified as: kinetic energy t = 0.980925, t' = -0.0976005
	                                           effective interaction Vq = [    -1.25,-0.231842,-0.147461,-0.231842,-0.231842,-0.135358,-0.133064,-0.135358,-0.147461,-0.133064,-0.115287,-0.133064,-0.231842,-0.135358,-0.133064,-0.135358]
	PARPACK diagonalization completed after 30 matrix-vector product operations.
	iteration results: : total energy is -21.102831 | electron energy -21.137491 + phonon energy 0.034660 | electron momentum kIdx = 0
The 4-th iteration is completed.	|| time cost : 0h 0m 0.861s
********************************************************************************************************************
Start the 5 rounds of NGS-ED iteration
	effective electronic model is modified as: kinetic energy t = 0.980925, t' = -0.0976005
	                                           effective interaction Vq = [    -1.25,-0.231843, -0.14746,-0.231843,-0.231843,-0.135358,-0.133064,-0.135358, -0.14746,-0.133064,-0.115287,-0.133064,-0.231843,-0.135358,-0.133064,-0.135358]
	PARPACK diagonalization completed after 30 matrix-vector product operations.
	iteration results: : total energy is -21.102831 | electron energy -21.137491 + phonon energy 0.034660 | electron momentum kIdx = 0
The 5-th iteration is completed.	|| time cost : 0h 0m 0.854s
********************************************************************************************************************
Start the 6 rounds of NGS-ED iteration
	effective electronic model is modified as: kinetic energy t = 0.980925, t' = -0.0976005
	                                           effective interaction Vq = [    -1.25,-0.231843, -0.14746,-0.231843,-0.231843,-0.135358,-0.133064,-0.135358, -0.14746,-0.133064,-0.115287,-0.133064,-0.231843,-0.135358,-0.133064,-0.135358]
	PARPACK diagonalization completed after 30 matrix-vector product operations.
	iteration results: : total energy is -21.102831 | electron energy -21.137491 + phonon energy 0.034660 | electron momentum kIdx = 0
	Nq(0) = 4,	Nq(1) = 0.216263,	Nq(2) = 0.270873,	Nq(3) = 0.216263,	Nq(4) = 0.216263,	Nq(5) = 0.261778,	
	Nq(6) = 0.366299,	Nq(7) = 0.261778,	Nq(8) = 0.270873,	Nq(9) = 0.366299,	Nq(10) = 0.427198,	
	Nq(11) = 0.366299,	Nq(12) = 0.216263,	Nq(13) = 0.261778,	Nq(14) = 0.366299,	Nq(15) = 0.261778;	
	Sq(0) = -8.48936e-18,	Sq(1) = 0.42173,	Sq(2) = 0.345638,	Sq(3) = 0.42173,	Sq(4) = 0.42173,	
	Sq(5) = 0.570254,	Sq(6) = 0.612847,	Sq(7) = 0.570254,	Sq(8) = 0.345638,	Sq(9) = 0.612847,	
	Sq(10) = 0.543097,	Sq(11) = 0.612847,	Sq(12) = 0.42173,	Sq(13) = 0.570254,	Sq(14) = 0.612847,	
	Sq(15) = 0.570254;	N(0) = 1.81127,	N(1) = 1.37245,	N(2) = 0.0975747,	N(3) = 1.37245,	
	N(4) = 1.37245,	N(5) = 0.0817113,	N(6) = 0.0397072,	N(7) = 0.0817113,	N(8) = 0.0975747,	
	N(9) = 0.0397072,	N(10) = 0.018119,	N(11) = 0.0397072,	N(12) = 1.37245,	N(13) = 0.0817113,	
	N(14) = 0.0397072,	N(15) = 0.0817113;	Delta[s](0) = 0.0348065,	Delta[s](1) = 0.0189491,	Delta[s](2) = 0.0100682,	
	Delta[s](3) = 0.0189491,	Delta[s](4) = 0.0189491,	Delta[s](5) = 0.00949443,	Delta[s](6) = 0.000950533,	Delta[s](7) = 0.00949443,	
	Delta[s](8) = 0.0100682,	Delta[s](9) = 0.000950533,	Delta[s](10) = 0.00063259,	Delta[s](11) = 0.000950533,	Delta[s](12) = 0.0189491,	
	Delta[s](13) = 0.00949443,	Delta[s](14) = 0.000950533,	Delta[s](15) = 0.00949443;	Delta[d](0) = 0.262229,	Delta[d](1) = 0.0592275,	
	Delta[d](2) = 0.0800841,	Delta[d](3) = 0.0592275,	Delta[d](4) = 0.0592275,	Delta[d](5) = 0.0564977,	Delta[d](6) = 0.014847,	
	Delta[d](7) = 0.0564977,	Delta[d](8) = 0.0800841,	Delta[d](9) = 0.014847,	Delta[d](10) = 0.00910959,	Delta[d](11) = 0.014847,	
	Delta[d](12) = 0.0592275,	Delta[d](13) = 0.0564977,	Delta[d](14) = 0.014847,	Delta[d](15) = 0.0564977;	Delta[s+](0) = 0.388837,	
	Delta[s+](1) = 0.220169,	Delta[s+](2) = 0.0800841,	Delta[s+](3) = 0.220169,	Delta[s+](4) = 0.220169,	Delta[s+](5) = 0.0725019,	
	Delta[s+](6) = 0.0040984,	Delta[s+](7) = 0.0725019,	Delta[s+](8) = 0.0800841,	Delta[s+](9) = 0.0040984,	Delta[s+](10) = 0.00096294,	
	Delta[s+](11) = 0.0040984,	Delta[s+](12) = 0.220169,	Delta[s+](13) = 0.0725019,	Delta[s+](14) = 0.0040984,	Delta[s+](15) = 0.0725019
	
The 6-th iteration is completed.	|| time cost : 0h 0m 2.972s
********************************************************************************************************************
********************************************************************************************************************
Ground state is obtained after 7 iterations. The current ground-state energy is -21.1028, in which electron energy is -21.1375 and phonon energy is 0.0346599
Final variational state is: 
	Gamma_x = [      1,1.26575,1.21199,1.26575,1.26575,1.18679,1.26452,1.18679,1.21199,1.26452,1.26876,1.26452,1.26575,1.18679,1.26452,1.18679]
	lambda_q = [     2.5,0.243723,0.152087,0.243723,0.243723,0.139235,0.136808,0.139235,0.152087,0.136808,0.118076,0.136808,0.243723,0.139235,0.136808,0.139235]
Effective e-e interactions mediated by phonons are:
	momentum-space Vq = [    -1.25,-0.231843, -0.14746,-0.231843,-0.231843,-0.135358,-0.133064,-0.135358, -0.14746,-0.133064,-0.115287,-0.133064,-0.231843,-0.135358,-0.133064,-0.135358]
	real-space Vr = [ -0.228829,-0.0832669,-0.0699235,-0.0832669,-0.0832669,-0.0668979,-0.0585722,-0.0668979,-0.0699235,-0.0585722,-0.0463757,-0.0585722,-0.0832669,-0.0668979,-0.0585722,-0.0668979]
********************************************************************************************************************
o___o  ----------------------------------------
| L |	Time since last clock: 0h 0m 0.007s
A===A	Time since the beginning: 0h 0m 14.62s
***********************************************


Non-Gaussina ED ground state calculation is completed. The final ground-state energy is -21.1028
********************************************************************************************************************
o___o  ----------------------------------------
| L |	Time since last clock: 0h 0m 0.003s
A===A	Time since the beginning: 0h 0m 14.623s
***********************************************



********************************************************************************************************************
All non-Gaussian ED ground state calculations have been completed. Exit now.
