SNEDics v3.2 diagonalization test program		Start at Wed Apr 24 21:28:01 2019

parallized on 80 MPI threads  * 6 OpenMP threads = 480 total threads.
************************************************************************************
************************************************************************************

Input file "model_params.in"
Hubbard-Holstein model parameters : 	t = 1    U = 2    g = 4.1833    W = 5    
************************************************************************************
Input file "hilbertspace_params.in"

Cluster Positions:				Cluster symmetry group : D4
 x ... x ... x ... x .....                       x ... x ... x ... x .....
 |           |           :                       |           |           :
 |           |           :                       |           |           :
12    13    14    15     x                       1     5     6     5     x
 |           |           :                       |           |           :
 |           |           :                       |           |           :
 8 --- 9 ---10 ---11 --- x                       2 --- 6 ---10 --- 6 --- x
 |           |           :                       |           |           :
 |           |           :                       |           |           :
 4     5     6     7     x                       1     5     6     5     x
 |           |           :                       |           |           :
 |           |           :                       |           |           :
 0 --- 1 --- 2 --- 3 --- x                       0 --- 1 --- 2 --- 1 --- x
orbital number : 1
************************************************************************************
0 rounds of non-Gaussian ED iteration : ground-state energy is -18.0176 | electron energy -18.0176 + phonon energy 0 | electron momentum kIdx = 0
Nq = 	16	0.245211	0.311045	0.245211	0.245211	0.311045	0.446617	0.311045	0.311045	0.446617	0.513491	0.446617	0.245211	0.311045	0.446617	0.311045
Sq = 	1.62176e-18	0.413058	0.598296	0.413058	0.413058	0.598296	0.72336	0.598296	0.598296	0.72336	2.71747	0.72336	0.413058	0.598296	0.72336	0.598296
1 rounds of non-Gaussian ED iteration : ground-state energy is -66.798 | electron energy -66.802 + phonon energy 0.00398534 | electron momentum kIdx = 0
Nq = 	16	0.470568	0.757725	0.470568	0.470568	0.757725	0.752574	0.757725	0.757725	0.752574	1.32848	0.752574	0.470568	0.757725	0.752574	0.757725
Sq = 	-8.17837e-18	0.25239	0.315308	0.25239	0.25239	0.315308	0.453258	0.315308	0.315308	0.453258	0.518161	0.453258	0.25239	0.315308	0.453258	0.315308
2 rounds of non-Gaussian ED iteration : ground-state energy is -87.1585 | electron energy -87.2169 + phonon energy 0.0584587 | electron momentum kIdx = 0
Nq = 	16	0.483532	0.697672	0.483532	0.483532	0.697672	0.79659	0.697672	0.697672	0.79659	3.1031	0.79659	0.483532	0.697672	0.79659	0.697672
Sq = 	7.99113e-18	0.152844	0.22799	0.152844	0.152844	0.22799	0.308895	0.22799	0.22799	0.308895	0.375495	0.308895	0.152844	0.22799	0.308895	0.22799
3 rounds of non-Gaussian ED iteration : ground-state energy is -95.6685 | electron energy -95.8243 + phonon energy 0.155757 | electron momentum kIdx = 0
Nq = 	16	0.189086	0.291064	0.189086	0.189086	0.291064	0.420837	0.291064	0.291064	0.420837	9.28113	0.420837	0.189086	0.291064	0.420837	0.291064
Sq = 	-2.88769e-18	0.0992325	0.162329	0.0992325	0.0992325	0.162329	0.221706	0.162329	0.162329	0.221706	0.275068	0.221706	0.0992325	0.162329	0.221706	0.162329
4 rounds of non-Gaussian ED iteration : ground-state energy is -99.4343 | electron energy -99.6362 + phonon energy 0.201879 | electron momentum kIdx = 0
Nq = 	16	0.0964735	0.169704	0.0964735	0.0964735	0.169704	0.246904	0.169704	0.169704	0.246904	11.639	0.246904	0.0964735	0.169704	0.246904	0.169704
Sq = 	-1.70281e-18	0.0729165	0.126197	0.0729165	0.0729165	0.126197	0.175047	0.126197	0.126197	0.175047	0.220257	0.175047	0.0729165	0.126197	0.175047	0.126197
5 rounds of non-Gaussian ED iteration : ground-state energy is -100.995 | electron energy -101.184 + phonon energy 0.188929 | electron momentum kIdx = 0
Nq = 	16	0.0726028	0.13241	0.0726028	0.0726028	0.13241	0.192424	0.13241	0.13241	0.192424	12.3941	0.192424	0.0726028	0.13241	0.192424	0.13241
Sq = 	1.22762e-18	0.063017	0.11199	0.063017	0.063017	0.11199	0.157017	0.11199	0.11199	0.157017	0.199278	0.157017	0.063017	0.11199	0.157017	0.11199
6 rounds of non-Gaussian ED iteration : ground-state energy is -101.593 | electron energy -101.759 + phonon energy 0.165655 | electron momentum kIdx = 0
Nq = 	16	0.0631194	0.116537	0.0631194	0.0631194	0.116537	0.169126	0.116537	0.116537	0.169126	12.7352	0.169126	0.0631194	0.116537	0.169126	0.116537
Sq = 	1.11119e-18	0.0579361	0.104464	0.0579361	0.0579361	0.104464	0.147479	0.104464	0.104464	0.147479	0.188194	0.147479	0.0579361	0.104464	0.147479	0.104464
7 rounds of non-Gaussian ED iteration : ground-state energy is -101.806 | electron energy -101.954 + phonon energy 0.148561 | electron momentum kIdx = 0
Nq = 	16	0.058449	0.108493	0.058449	0.058449	0.108493	0.157301	0.108493	0.108493	0.157301	12.9188	0.157301	0.058449	0.108493	0.157301	0.108493
Sq = 	9.08492e-19	0.0549588	0.0999196	0.0549588	0.0549588	0.0999196	0.141649	0.0999196	0.0999196	0.141649	0.181337	0.141649	0.0549588	0.0999196	0.141649	0.0999196
8 rounds of non-Gaussian ED iteration : ground-state energy is -101.877 | electron energy -102.016 + phonon energy 0.138251 | electron momentum kIdx = 0
Nq = 	16	0.0559792	0.104185	0.0559792	0.0559792	0.104185	0.150973	0.104185	0.104185	0.150973	13.0209	0.150973	0.0559792	0.104185	0.150973	0.104185
Sq = 	-3.30377e-19	0.0532312	0.0972298	0.0532312	0.0532312	0.0972298	0.138162	0.0972298	0.0972298	0.138162	0.177193	0.138162	0.0532312	0.0972298	0.138162	0.0972298
9 rounds of non-Gaussian ED iteration : ground-state energy is -101.901 | electron energy -102.034 + phonon energy 0.132359 | electron momentum kIdx = 0
Nq = 	16	0.0546468	0.101847	0.0546468	0.0546468	0.101847	0.147539	0.101847	0.101847	0.147539	13.0776	0.147539	0.0546468	0.101847	0.147539	0.101847
Sq = 	1.82655e-20	0.0522536	0.0956902	0.0522536	0.0522536	0.0956902	0.136153	0.0956902	0.0956902	0.136153	0.174791	0.136153	0.0522536	0.0956902	0.136153	0.0956902
10 rounds of non-Gaussian ED iteration : ground-state energy is -101.909 | electron energy -102.038 + phonon energy 0.129022 | electron momentum kIdx = 0
Nq = 	16	0.0539236	0.100574	0.0539236	0.0539236	0.100574	0.14567	0.100574	0.100574	0.14567	13.1088	0.14567	0.0539236	0.100574	0.14567	0.100574
Sq = 	-1.20135e-18	0.0517095	0.0948279	0.0517095	0.0517095	0.0948279	0.135024	0.0948279	0.0948279	0.135024	0.173436	0.135024	0.0517095	0.0948279	0.135024	0.0948279
11 rounds of non-Gaussian ED iteration : ground-state energy is -101.912 | electron energy -102.039 + phonon energy 0.127131 | electron momentum kIdx = 0
Nq = 	16	0.05353	0.0998802	0.05353	0.05353	0.0998802	0.144651	0.0998802	0.0998802	0.144651	13.126	0.144651	0.05353	0.0998802	0.144651	0.0998802
Sq = 	-4.04887e-19	0.0514095	0.0943507	0.0514095	0.0514095	0.0943507	0.134398	0.0943507	0.0943507	0.134398	0.172684	0.134398	0.0514095	0.0943507	0.134398	0.0943507
12 rounds of non-Gaussian ED iteration : ground-state energy is -101.913 | electron energy -102.039 + phonon energy 0.12606 | electron momentum kIdx = 0
Nq = 	16	0.0533155	0.0995016	0.0533155	0.0533155	0.0995016	0.144095	0.0995016	0.0995016	0.144095	13.1354	0.144095	0.0533155	0.0995016	0.144095	0.0995016
Sq = 	2.83519e-19	0.0512448	0.0940883	0.0512448	0.0512448	0.0940883	0.134054	0.0940883	0.0940883	0.134054	0.17227	0.134054	0.0512448	0.0940883	0.134054	0.0940883
13 rounds of non-Gaussian ED iteration : ground-state energy is -101.913 | electron energy -102.039 + phonon energy 0.125456 | electron momentum kIdx = 0
Nq = 	16	0.0531985	0.099295	0.0531985	0.0531985	0.099295	0.143791	0.099295	0.099295	0.143791	13.1405	0.143791	0.0531985	0.099295	0.143791	0.099295
Sq = 	-7.31998e-19	0.0511547	0.0939446	0.0511547	0.0511547	0.0939446	0.133865	0.0939446	0.0939446	0.133865	0.172042	0.133865	0.0511547	0.0939446	0.133865	0.0939446
14 rounds of non-Gaussian ED iteration : ground-state energy is -101.913 | electron energy -102.039 + phonon energy 0.125117 | electron momentum kIdx = 0
Nq = 	16	0.0531347	0.0991822	0.0531347	0.0531347	0.0991822	0.143625	0.0991822	0.0991822	0.143625	13.1433	0.143625	0.0531347	0.0991822	0.143625	0.0991822
Sq = 	-4.64017e-19	0.0511054	0.0938659	0.0511054	0.0511054	0.0938659	0.133761	0.0938659	0.0938659	0.133761	0.171918	0.133761	0.0511054	0.0938659	0.133761	0.0938659
15 rounds of non-Gaussian ED iteration : ground-state energy is -101.913 | electron energy -102.038 + phonon energy 0.124926 | electron momentum kIdx = 0
Nq = 	16	0.0530998	0.0991206	0.0530998	0.0530998	0.0991206	0.143535	0.0991206	0.0991206	0.143535	13.1448	0.143535	0.0530998	0.0991206	0.143535	0.0991206
Sq = 	-1.76018e-18	0.0510784	0.0938229	0.0510784	0.0510784	0.0938229	0.133705	0.0938229	0.0938229	0.133705	0.17185	0.133705	0.0510784	0.0938229	0.133705	0.0938229
16 rounds of non-Gaussian ED iteration : ground-state energy is -101.913 | electron energy -102.038 + phonon energy 0.12482 | electron momentum kIdx = 0
Nq = 	16	0.0530808	0.099087	0.0530808	0.0530808	0.099087	0.143485	0.099087	0.099087	0.143485	13.1457	0.143485	0.0530808	0.099087	0.143485	0.099087
Sq = 	-1.89551e-19	0.0510637	0.0937994	0.0510637	0.0510637	0.0937994	0.133674	0.0937994	0.0937994	0.133674	0.171813	0.133674	0.0510637	0.0937994	0.133674	0.0937994
17 rounds of non-Gaussian ED iteration : ground-state energy is -101.913 | electron energy -102.038 + phonon energy 0.124761 | electron momentum kIdx = 0
Nq = 	16	0.0530704	0.0990686	0.0530704	0.0530704	0.0990686	0.143458	0.0990686	0.0990686	0.143458	13.1461	0.143458	0.0530704	0.0990686	0.143458	0.0990686
Sq = 	1.40613e-18	0.0510557	0.0937866	0.0510557	0.0510557	0.0937866	0.133657	0.0937866	0.0937866	0.133657	0.171793	0.133657	0.0510557	0.0937866	0.133657	0.0937866
18 rounds of non-Gaussian ED iteration : ground-state energy is -101.913 | electron energy -102.038 + phonon energy 0.124728 | electron momentum kIdx = 0
Nq = 	16	0.0530647	0.0990586	0.0530647	0.0530647	0.0990586	0.143443	0.0990586	0.0990586	0.143443	13.1464	0.143443	0.0530647	0.0990586	0.143443	0.0990586
Sq = 	1.23731e-18	0.0510513	0.0937796	0.0510513	0.0510513	0.0937796	0.133648	0.0937796	0.0937796	0.133648	0.171782	0.133648	0.0510513	0.0937796	0.133648	0.0937796
Ground state is obtained after 19 iterations. The current ground-state energy is -101.913, in which electron energy is -102.038 and phonon energy is 0.12471
o___o  -------------------------------------
| L |	Time since last clock: 1h 36m 37.48s
A===A	Time since the beginning: 1h 36m 37.48s
********************************************

************************************************************************************
