SNEDics v3.4 Non-Gaussian ED ground state program		Start at Thu Oct  3 16:09:39 2019

parallized on 16 MPI threads  * 8 OpenMP threads = 128 total threads.
********************************************************************************************************************
********************************************************************************************************************

********************************************************************************************************************
System parameters and configurations
********************************************************************************************************************
Special program options are enabled: splitted diagonal Hamiltonian
********************************************************************************************************************
Read input file "model_params.in"
	Hubbard-Holstein model parameters : 	t = 1    U = 4.1    g = 3.4641    W = 5    
********************************************************************************************************************
Read input file "hilbertspace_params.in"
	Requested 16-site 2D lattice, with 16 electrons (8, 8)
	Boundary : Periodic		Hilbert space representation : momentum-space (restricted to kIdx = 10)
	Conservation: particle number[U(1)]      spin[U(1)]     momentum
********************************************************************************************************************

Cluster Positions:				Cluster symmetry group : D4
 x ... x ... x ... x .....                       x ... x ... x ... x .....
 |           |           :                       |           |           :
 |           |           :                       |           |           :
12    13    14    15     x                       1     5     6     5     x
 |           |           :                       |           |           :
 |           |           :                       |           |           :
 8 --- 9 ---10 ---11 --- x                       2 --- 6 ---10 --- 6 --- x
 |           |           :                       |           |           :
 |           |           :                       |           |           :
 4     5     6     7     x                       1     5     6     5     x
 |           |           :                       |           |           :
 |           |           :                       |           |           :
 0 --- 1 --- 2 --- 3 --- x                       0 --- 1 --- 2 --- 1 --- x
orbital number : 1
********************************************************************************************************************
Read input file "obs_params.in"
	Observable Type : Nq(All),   Sq(All),   N(All),   Delta[s](All),   Delta[d](All),   Delta[s+](All)
********************************************************************************************************************
** WARNING ** the input observables have non-local factors which have been reinterpreted. The total observable number is 96
********************************************************************************************************************


********************************************************************************************************************
Start calculating the non-Gaussian ED ground state
** WARNING ** Detected low phonon energy W < 10. The initial state will be prepared through a warm-up process.
********************************************************************************************************************
Start warm-up calculation for scaling factor 2
open output files: NGSEDWarmUpW10Obs.txt
********************************************************************************************************************
Start the 0 rounds of NGS-ED iteration
	effective electronic model is modified as: kinetic energy t = 1
	                                           effective interaction Vq = [-0,-0,-0,-0,-0,-0,-0,-0,-0,-0,-0,-0,-0,-0,-0,-0]
	first Hamiltonian is constructed, non-zero numbers = 2845334624
	PARPACK diagonalization completed after 90 matrix-vector product operations.
	iteration results: : total energy is -13.289928 | electron energy -13.289928 + phonon energy 0.000000 | electron momentum kIdx = 10
	Nq(0) = 16,	Nq(1) = 0.16104,	Nq(2) = 0.232726,	Nq(3) = 0.16104,	Nq(4) = 0.16104,	Nq(5) = 0.232726,	Nq(6) = 0.317615,	Nq(7) = 0.232726,	Nq(8) = 0.232726,	Nq(9) = 0.317615,	Nq(10) = 0.381242,	Nq(11) = 0.317615,	Nq(12) = 0.16104,	Nq(13) = 0.232726,	Nq(14) = 0.317615,	Nq(15) = 0.232726,	Sq(0) = 2.11295e-18,	Sq(1) = 0.31334,	Sq(2) = 0.419764,	Sq(3) = 0.31334,	Sq(4) = 0.31334,	Sq(5) = 0.419764,	Sq(6) = 0.632807,	Sq(7) = 0.419764,	Sq(8) = 0.419764,	Sq(9) = 0.632807,	Sq(10) = 6.00461,	Sq(11) = 0.632807,	Sq(12) = 0.31334,	Sq(13) = 0.419764,	Sq(14) = 0.632807,	Sq(15) = 0.419764,	N(0) = 1.9286,	N(1) = 1.83939,	N(2) = 1,	N(3) = 1.83939,	N(4) = 1.83939,	N(5) = 1,	N(6) = 0.160612,	N(7) = 1,	N(8) = 1,	N(9) = 0.160612,	N(10) = 0.0714038,	N(11) = 0.160612,	N(12) = 1.83939,	N(13) = 1,	N(14) = 0.160612,	N(15) = 1,	Delta[s](0) = 0.174237,	Delta[s](1) = 0.149301,	Delta[s](2) = 0.116159,	Delta[s](3) = 0.149301,	Delta[s](4) = 0.149301,	Delta[s](5) = 0.116159,	Delta[s](6) = 0.0880682,	Delta[s](7) = 0.116159,	Delta[s](8) = 0.116159,	Delta[s](9) = 0.0880682,	Delta[s](10) = 0.0254407,	Delta[s](11) = 0.0880682,	Delta[s](12) = 0.149301,	Delta[s](13) = 0.116159,	Delta[s](14) = 0.0880682,	Delta[s](15) = 0.116159,	Delta[d](0) = 0.518095,	Delta[d](1) = 0.386006,	Delta[d](2) = 0.326628,	Delta[d](3) = 0.386006,	Delta[d](4) = 0.386006,	Delta[d](5) = 0.37538,	Delta[d](6) = 0.303842,	Delta[d](7) = 0.37538,	Delta[d](8) = 0.326628,	Delta[d](9) = 0.303842,	Delta[d](10) = 0.245347,	Delta[d](11) = 0.303842,	Delta[d](12) = 0.386006,	Delta[d](13) = 0.37538,	Delta[d](14) = 0.303842,	Delta[d](15) = 0.37538,	Delta[s+](0) = 0.585767,	Delta[s+](1) = 0.480626,	Delta[s+](2) = 0.326628,	Delta[s+](3) = 0.480626,	Delta[s+](4) = 0.480626,	Delta[s+](5) = 0.326628,	Delta[s+](6) = 0.178181,	Delta[s+](7) = 0.326628,	Delta[s+](8) = 0.326628,	Delta[s+](9) = 0.178181,	Delta[s+](10) = 0.063124,	Delta[s+](11) = 0.178181,	Delta[s+](12) = 0.480626,	Delta[s+](13) = 0.326628,	Delta[s+](14) = 0.178181,	Delta[s+](15) = 0.326628
The 0-th iteration is completed.	|| time cost : 0h 8m 26.711s
********************************************************************************************************************
Start the 1 rounds of NGS-ED iteration
	effective electronic model is modified as: kinetic energy t = 0.940163
	                                           effective interaction Vq = [-2.07519, -1.8951,-1.82845, -1.8951, -1.8951,-1.82845,-1.80593,-1.82845,-1.82845,-1.80593,-1.77827,-1.80593, -1.8951,-1.82845,-1.80593,-1.82845]
	PARPACK diagonalization completed after 45 matrix-vector product operations.
	iteration results: : total energy is -54.296381 | electron energy -54.299899 + phonon energy 0.003518 | electron momentum kIdx = 10
The 1-th iteration is completed.	|| time cost : 0h 7m 26.221s
********************************************************************************************************************
Start the 2 rounds of NGS-ED iteration
	effective electronic model is modified as: kinetic energy t = 0.896323
	                                           effective interaction Vq = [-2.35604,-2.24937,-2.14922,-2.24937,-2.24937,-2.14922,-2.15849,-2.14922,-2.14922,-2.15849,-2.10283,-2.15849,-2.24937,-2.14922,-2.15849,-2.14922]
	PARPACK diagonalization completed after 45 matrix-vector product operations.
	iteration results: : total energy is -60.170197 | electron energy -60.197490 + phonon energy 0.027293 | electron momentum kIdx = 10
The 2-th iteration is completed.	|| time cost : 0h 0m 31.945s
********************************************************************************************************************
Start the 3 rounds of NGS-ED iteration
	effective electronic model is modified as: kinetic energy t = 0.872934
	                                           effective interaction Vq = [-2.39405,-2.32703,-2.29117,-2.32703,-2.32703,-2.29117,-2.24762,-2.29117,-2.29117,-2.24762,-2.18259,-2.24762,-2.32703,-2.29117,-2.24762,-2.29117]
	PARPACK diagonalization completed after 30 matrix-vector product operations.
	iteration results: : total energy is -61.148110 | electron energy -61.198288 + phonon energy 0.050177 | electron momentum kIdx = 10
The 3-th iteration is completed.	|| time cost : 0h 0m 27.29s
********************************************************************************************************************
Start the 4 rounds of NGS-ED iteration
	effective electronic model is modified as: kinetic energy t = 0.864796
	                                           effective interaction Vq = [-2.39919,-2.34649,-2.32676,-2.34649,-2.34649,-2.32676,-2.27213,-2.32676,-2.32676,-2.27213,-2.20513,-2.27213,-2.34649,-2.32676,-2.27213,-2.32676]
	PARPACK diagonalization completed after 30 matrix-vector product operations.
	iteration results: : total energy is -61.273862 | electron energy -61.336113 + phonon energy 0.062251 | electron momentum kIdx = 10
The 4-th iteration is completed.	|| time cost : 0h 0m 27.616s
********************************************************************************************************************
Start the 5 rounds of NGS-ED iteration
	effective electronic model is modified as: kinetic energy t = 0.862059
	                                           effective interaction Vq = [-2.39989,-2.35223,-2.33725,-2.35223,-2.35223,-2.33725,-2.27969,-2.33725,-2.33725,-2.27969,-2.21212,-2.27969,-2.35223,-2.33725,-2.27969,-2.33725]
	PARPACK diagonalization completed after 30 matrix-vector product operations.
	iteration results: : total energy is -61.289931 | electron energy -61.356929 + phonon energy 0.066998 | electron momentum kIdx = 10
The 5-th iteration is completed.	|| time cost : 0h 0m 27.292s
********************************************************************************************************************
Start the 6 rounds of NGS-ED iteration
	effective electronic model is modified as: kinetic energy t = 0.861147
	                                           effective interaction Vq = [-2.39998,-2.35404,-2.34059,-2.35404,-2.35404,-2.34059,-2.28211,-2.34059,-2.34059,-2.28211,-2.21436,-2.28211,-2.35404,-2.34059,-2.28211,-2.34059]
	PARPACK diagonalization completed after 105 matrix-vector product operations.
	iteration results: : total energy is -61.462645 | electron energy -61.531321 + phonon energy 0.068677 | electron momentum kIdx = 10
The 6-th iteration is completed.	|| time cost : 0h 0m 50.808s
********************************************************************************************************************
Start the 7 rounds of NGS-ED iteration
	effective electronic model is modified as: kinetic energy t = 0.858324
	                                           effective interaction Vq = [    -2.4,-2.35279,-2.34919,-2.35279,-2.35279,-2.34919,-2.27995,-2.34919,-2.34919,-2.27995,-2.27353,-2.27995,-2.35279,-2.34919,-2.27995,-2.34919]
	PARPACK diagonalization completed after 45 matrix-vector product operations.
	iteration results: : total energy is -61.478174 | electron energy -61.549412 + phonon energy 0.071238 | electron momentum kIdx = 10
The 7-th iteration is completed.	|| time cost : 0h 0m 32.036s
********************************************************************************************************************
Start the 8 rounds of NGS-ED iteration
	effective electronic model is modified as: kinetic energy t = 0.857351
	                                           effective interaction Vq = [    -2.4,-2.35229,-2.35187,-2.35229,-2.35229,-2.35187,-2.27907,-2.35187,-2.35187,-2.27907,-2.29289,-2.27907,-2.35229,-2.35187,-2.27907,-2.35187]
	PARPACK diagonalization completed after 30 matrix-vector product operations.
	iteration results: : total energy is -61.480349 | electron energy -61.553444 + phonon energy 0.073095 | electron momentum kIdx = 10
The 8-th iteration is completed.	|| time cost : 0h 0m 27.362s
********************************************************************************************************************
Start the 9 rounds of NGS-ED iteration
	effective electronic model is modified as: kinetic energy t = 0.857
	                                           effective interaction Vq = [    -2.4,-2.35212,-2.35269,-2.35212,-2.35212,-2.35269,-2.27876,-2.35269,-2.35269,-2.27876,-2.30011,-2.27876,-2.35212,-2.35269,-2.27876,-2.35269]
	PARPACK diagonalization completed after 30 matrix-vector product operations.
	iteration results: : total energy is -61.480678 | electron energy -61.554592 + phonon energy 0.073915 | electron momentum kIdx = 10
The 9-th iteration is completed.	|| time cost : 0h 0m 27.324s
********************************************************************************************************************
Start the 10 rounds of NGS-ED iteration
	effective electronic model is modified as: kinetic energy t = 0.856866
	                                           effective interaction Vq = [    -2.4,-2.35207,-2.35293,-2.35207,-2.35207,-2.35293,-2.27866,-2.35293,-2.35293,-2.27866,-2.30307,-2.27866,-2.35207,-2.35293,-2.27866,-2.35293]
	PARPACK diagonalization completed after 30 matrix-vector product operations.
	iteration results: : total energy is -61.480733 | electron energy -61.554979 + phonon energy 0.074246 | electron momentum kIdx = 10
	Nq(0) = 16,	Nq(1) = 0.380746,	Nq(2) = 0.754171,	Nq(3) = 0.380746,	Nq(4) = 0.380746,	Nq(5) = 0.754171,	Nq(6) = 0.628692,	Nq(7) = 0.754171,	Nq(8) = 0.754171,	Nq(9) = 0.628692,	Nq(10) = 0.958355,	Nq(11) = 0.628692,	Nq(12) = 0.380746,	Nq(13) = 0.754171,	Nq(14) = 0.628692,	Nq(15) = 0.754171,	Sq(0) = 2.0484e-18,	Sq(1) = 0.346788,	Sq(2) = 0.362928,	Sq(3) = 0.346788,	Sq(4) = 0.346788,	Sq(5) = 0.362928,	Sq(6) = 0.579625,	Sq(7) = 0.362928,	Sq(8) = 0.362928,	Sq(9) = 0.579625,	Sq(10) = 0.595647,	Sq(11) = 0.579625,	Sq(12) = 0.346788,	Sq(13) = 0.362928,	Sq(14) = 0.579625,	Sq(15) = 0.362928,	N(0) = 1.99871,	N(1) = 1.9964,	N(2) = 1,	N(3) = 1.9964,	N(4) = 1.9964,	N(5) = 1,	N(6) = 0.00359504,	N(7) = 1,	N(8) = 1,	N(9) = 0.00359505,	N(10) = 0.0012907,	N(11) = 0.00359505,	N(12) = 1.9964,	N(13) = 1,	N(14) = 0.00359504,	N(15) = 1,	Delta[s](0) = 0.450501,	Delta[s](1) = 0.314464,	Delta[s](2) = 0.266927,	Delta[s](3) = 0.314464,	Delta[s](4) = 0.314464,	Delta[s](5) = 0.266927,	Delta[s](6) = 0.24225,	Delta[s](7) = 0.266927,	Delta[s](8) = 0.266927,	Delta[s](9) = 0.24225,	Delta[s](10) = 0.481648,	Delta[s](11) = 0.24225,	Delta[s](12) = 0.314464,	Delta[s](13) = 0.266927,	Delta[s](14) = 0.24225,	Delta[s](15) = 0.266927,	Delta[d](0) = 0.343174,	Delta[d](1) = 0.282409,	Delta[d](2) = 0.255158,	Delta[d](3) = 0.282409,	Delta[d](4) = 0.282409,	Delta[d](5) = 0.248723,	Delta[d](6) = 0.235589,	Delta[d](7) = 0.248723,	Delta[d](8) = 0.255158,	Delta[d](9) = 0.235589,	Delta[d](10) = 0.154429,	Delta[d](11) = 0.235589,	Delta[d](12) = 0.282409,	Delta[d](13) = 0.248723,	Delta[d](14) = 0.235589,	Delta[d](15) = 0.248723,	Delta[s+](0) = 0.470595,	Delta[s+](1) = 0.385418,	Delta[s+](2) = 0.255158,	Delta[s+](3) = 0.385418,	Delta[s+](4) = 0.385418,	Delta[s+](5) = 0.255158,	Delta[s+](6) = 0.120491,	Delta[s+](7) = 0.255158,	Delta[s+](8) = 0.255158,	Delta[s+](9) = 0.120491,	Delta[s+](10) = 0.0334425,	Delta[s+](11) = 0.120491,	Delta[s+](12) = 0.385418,	Delta[s+](13) = 0.255158,	Delta[s+](14) = 0.120491,	Delta[s+](15) = 0.255158
The 10-th iteration is completed.	|| time cost : 0h 4m 36.391s
********************************************************************************************************************
Start the 11 rounds of NGS-ED iteration
	effective electronic model is modified as: kinetic energy t = 0.856813
	                                           effective interaction Vq = [    -2.4,-2.35206,-2.35298,-2.35206,-2.35206,-2.35298,-2.27864,-2.35298,-2.35298,-2.27864,-2.30438,-2.27864,-2.35206,-2.35298,-2.27864,-2.35298]
	PARPACK diagonalization completed after 30 matrix-vector product operations.
	iteration results: : total energy is -61.480744 | electron energy -61.555124 + phonon energy 0.074380 | electron momentum kIdx = 10
	Nq(0) = 16,	Nq(1) = 0.380752,	Nq(2) = 0.75399,	Nq(3) = 0.380752,	Nq(4) = 0.380752,	Nq(5) = 0.75399,	Nq(6) = 0.628685,	Nq(7) = 0.75399,	Nq(8) = 0.75399,	Nq(9) = 0.628685,	Nq(10) = 0.960281,	Nq(11) = 0.628685,	Nq(12) = 0.380752,	Nq(13) = 0.75399,	Nq(14) = 0.628685,	Nq(15) = 0.75399,	Sq(0) = 9.0762e-18,	Sq(1) = 0.346718,	Sq(2) = 0.362897,	Sq(3) = 0.346718,	Sq(4) = 0.346718,	Sq(5) = 0.362897,	Sq(6) = 0.579543,	Sq(7) = 0.362897,	Sq(8) = 0.362897,	Sq(9) = 0.579543,	Sq(10) = 0.595609,	Sq(11) = 0.579543,	Sq(12) = 0.346718,	Sq(13) = 0.362897,	Sq(14) = 0.579543,	Sq(15) = 0.362897,	N(0) = 1.99871,	N(1) = 1.99639,	N(2) = 1,	N(3) = 1.99639,	N(4) = 1.99639,	N(5) = 1,	N(6) = 0.00360507,	N(7) = 1,	N(8) = 1,	N(9) = 0.00360507,	N(10) = 0.00129396,	N(11) = 0.00360507,	N(12) = 1.99639,	N(13) = 1,	N(14) = 0.00360507,	N(15) = 1,	Delta[s](0) = 0.45117,	Delta[s](1) = 0.314485,	Delta[s](2) = 0.266966,	Delta[s](3) = 0.314485,	Delta[s](4) = 0.314485,	Delta[s](5) = 0.266966,	Delta[s](6) = 0.242272,	Delta[s](7) = 0.266966,	Delta[s](8) = 0.266966,	Delta[s](9) = 0.242272,	Delta[s](10) = 0.480992,	Delta[s](11) = 0.242272,	Delta[s](12) = 0.314485,	Delta[s](13) = 0.266966,	Delta[s](14) = 0.242272,	Delta[s](15) = 0.266966,	Delta[d](0) = 0.343094,	Delta[d](1) = 0.282367,	Delta[d](2) = 0.255128,	Delta[d](3) = 0.282367,	Delta[d](4) = 0.282367,	Delta[d](5) = 0.248654,	Delta[d](6) = 0.23555,	Delta[d](7) = 0.248654,	Delta[d](8) = 0.255128,	Delta[d](9) = 0.23555,	Delta[d](10) = 0.154372,	Delta[d](11) = 0.23555,	Delta[d](12) = 0.282367,	Delta[d](13) = 0.248654,	Delta[d](14) = 0.23555,	Delta[d](15) = 0.248654,	Delta[s+](0) = 0.470549,	Delta[s+](1) = 0.385377,	Delta[s+](2) = 0.255128,	Delta[s+](3) = 0.385377,	Delta[s+](4) = 0.385377,	Delta[s+](5) = 0.255128,	Delta[s+](6) = 0.120473,	Delta[s+](7) = 0.255128,	Delta[s+](8) = 0.255128,	Delta[s+](9) = 0.120473,	Delta[s+](10) = 0.0334395,	Delta[s+](11) = 0.120473,	Delta[s+](12) = 0.385377,	Delta[s+](13) = 0.255128,	Delta[s+](14) = 0.120473,	Delta[s+](15) = 0.255128
The 11-th iteration is completed.	|| time cost : 0h 4m 27.038s
********************************************************************************************************************
********************************************************************************************************************
Ground state is obtained after 12 iterations. The current ground-state energy is -61.4807, in which electron energy is -61.5551 and phonon energy is 0.0743804
final variational state is: 
	Gamma_x = [      1,1.02243,1.04451,1.02243,1.02243,1.04451,1.05398,1.04451,1.04451,1.05398,  1.076,1.05398,1.02243,1.04451,1.05398,1.04451]
	lambda_q = [0.489895,0.420657,0.421334,0.420657,0.420657,0.421334,0.379734,0.421334,0.421334,0.379734,0.392416,0.379734,0.420657,0.421334,0.379734,0.421334]
********************************************************************************************************************
o___o  ----------------------------------------
| L |	Time since last clock: 0h 0m 0s
A===A	Time since the beginning: 0h 29m 8.04s
***********************************************


********************************************************************************************************************
Warm up runs have been completed. Start calculating W = 5 phonon.
open output files: NGSEDIterationObs.txt
********************************************************************************************************************
Start the 0 rounds of NGS-ED iteration
	effective electronic model is modified as: kinetic energy t = 0.856791
	                                           effective interaction Vq = [ -2.1941,-2.02963,-2.03147,-2.02963,-2.02963,-2.03147,-1.90988,-2.03147,-2.03147,-1.90988,-1.94878,-1.90988,-2.02963,-2.03147,-1.90988,-2.03147]
	PARPACK diagonalization completed after 75 matrix-vector product operations.
	iteration results: : total energy is -55.120730 | electron energy -55.157948 + phonon energy 0.037218 | electron momentum kIdx = 10
	Nq(0) = 16,	Nq(1) = 0.377409,	Nq(2) = 0.460959,	Nq(3) = 0.377409,	Nq(4) = 0.377409,	Nq(5) = 0.460959,	Nq(6) = 0.596354,	Nq(7) = 0.460959,	Nq(8) = 0.460959,	Nq(9) = 0.596354,	Nq(10) = 0.841043,	Nq(11) = 0.596354,	Nq(12) = 0.377409,	Nq(13) = 0.460959,	Nq(14) = 0.596354,	Nq(15) = 0.460959,	Sq(0) = -1.17316e-17,	Sq(1) = 0.381885,	Sq(2) = 0.635062,	Sq(3) = 0.381885,	Sq(4) = 0.381885,	Sq(5) = 0.635062,	Sq(6) = 0.632225,	Sq(7) = 0.635062,	Sq(8) = 0.635063,	Sq(9) = 0.632225,	Sq(10) = 0.631343,	Sq(11) = 0.632225,	Sq(12) = 0.381885,	Sq(13) = 0.635062,	Sq(14) = 0.632225,	Sq(15) = 0.635062,	N(0) = 1.99971,	N(1) = 1.99946,	N(2) = 1,	N(3) = 1.99946,	N(4) = 1.99946,	N(5) = 1,	N(6) = 0.000536143,	N(7) = 1,	N(8) = 1,	N(9) = 0.000536143,	N(10) = 0.000291684,	N(11) = 0.000536143,	N(12) = 1.99946,	N(13) = 1,	N(14) = 0.000536143,	N(15) = 1,	Delta[s](0) = 0.272781,	Delta[s](1) = 0.270261,	Delta[s](2) = 0.230398,	Delta[s](3) = 0.270261,	Delta[s](4) = 0.270261,	Delta[s](5) = 0.230398,	Delta[s](6) = 0.208805,	Delta[s](7) = 0.230398,	Delta[s](8) = 0.230398,	Delta[s](9) = 0.208805,	Delta[s](10) = 0.179494,	Delta[s](11) = 0.208805,	Delta[s](12) = 0.270261,	Delta[s](13) = 0.230398,	Delta[s](14) = 0.208805,	Delta[s](15) = 0.230398,	Delta[d](0) = 0.310223,	Delta[d](1) = 0.290807,	Delta[d](2) = 0.269511,	Delta[d](3) = 0.290807,	Delta[d](4) = 0.290807,	Delta[d](5) = 0.278575,	Delta[d](6) = 0.24549,	Delta[d](7) = 0.278575,	Delta[d](8) = 0.269511,	Delta[d](9) = 0.24549,	Delta[d](10) = 0.122369,	Delta[d](11) = 0.24549,	Delta[d](12) = 0.290807,	Delta[d](13) = 0.278575,	Delta[d](14) = 0.24549,	Delta[d](15) = 0.278575,	Delta[s+](0) = 0.503269,	Delta[s+](1) = 0.409931,	Delta[s+](2) = 0.269511,	Delta[s+](3) = 0.409931,	Delta[s+](4) = 0.409931,	Delta[s+](5) = 0.269511,	Delta[s+](6) = 0.130186,	Delta[s+](7) = 0.269511,	Delta[s+](8) = 0.269511,	Delta[s+](9) = 0.130186,	Delta[s+](10) = 0.038408,	Delta[s+](11) = 0.130186,	Delta[s+](12) = 0.409931,	Delta[s+](13) = 0.269511,	Delta[s+](14) = 0.130186,	Delta[s+](15) = 0.269511
The 0-th iteration is completed.	|| time cost : 0h 4m 37.444s
********************************************************************************************************************
Start the 1 rounds of NGS-ED iteration
	effective electronic model is modified as: kinetic energy t = 0.841687
	                                           effective interaction Vq = [-2.32425,-2.15433,-2.08224,-2.15433,-2.15433,-2.08224,-2.00472,-2.08224,-2.08224,-2.00472,-2.04105,-2.00472,-2.15433,-2.08224,-2.00472,-2.08224]
	PARPACK diagonalization completed after 60 matrix-vector product operations.
	iteration results: : total energy is -57.458282 | electron energy -57.566611 + phonon energy 0.108330 | electron momentum kIdx = 10
The 1-th iteration is completed.	|| time cost : 0h 0m 36.775s
********************************************************************************************************************
Start the 2 rounds of NGS-ED iteration
	effective electronic model is modified as: kinetic energy t = 0.823854
	                                           effective interaction Vq = [-2.37213,-2.21565, -2.1811,-2.21565,-2.21565, -2.1811,-2.05728, -2.1811, -2.1811,-2.05728,-2.09581,-2.05728,-2.21565, -2.1811,-2.05728, -2.1811]
	PARPACK diagonalization completed after 30 matrix-vector product operations.
	iteration results: : total energy is -58.442568 | electron energy -58.605135 + phonon energy 0.162567 | electron momentum kIdx = 10
The 2-th iteration is completed.	|| time cost : 0h 0m 27.353s
********************************************************************************************************************
Start the 3 rounds of NGS-ED iteration
	effective electronic model is modified as: kinetic energy t = 0.813625
	                                           effective interaction Vq = [-2.38975,-2.24537, -2.2299,-2.24537,-2.24537, -2.2299,-2.08446, -2.2299, -2.2299,-2.08446,-2.12728,-2.08446,-2.24537, -2.2299,-2.08446, -2.2299]
	PARPACK diagonalization completed after 30 matrix-vector product operations.
	iteration results: : total energy is -58.796748 | electron energy -58.997900 + phonon energy 0.201152 | electron momentum kIdx = 10
The 3-th iteration is completed.	|| time cost : 0h 0m 27.328s
********************************************************************************************************************
Start the 4 rounds of NGS-ED iteration
	effective electronic model is modified as: kinetic energy t = 0.807807
	                                           effective interaction Vq = [-2.39623,-2.26046,-2.25524,-2.26046,-2.26046,-2.25524,-2.09888,-2.25524,-2.25524,-2.09888,-2.14558,-2.09888,-2.26046,-2.25524,-2.09888,-2.25524]
	PARPACK diagonalization completed after 30 matrix-vector product operations.
	iteration results: : total energy is -58.924236 | electron energy -59.150268 + phonon energy 0.226032 | electron momentum kIdx = 10
The 4-th iteration is completed.	|| time cost : 0h 0m 27.31s
********************************************************************************************************************
Start the 5 rounds of NGS-ED iteration
	effective electronic model is modified as: kinetic energy t = 0.80451
	                                           effective interaction Vq = [-2.39861,-2.26834,-2.26885,-2.26834,-2.26834,-2.26885,-2.10664,-2.26885,-2.26885,-2.10664,-2.15635,-2.10664,-2.26834,-2.26885,-2.10664,-2.26885]
	PARPACK diagonalization completed after 30 matrix-vector product operations.
	iteration results: : total energy is -58.970153 | electron energy -59.211379 + phonon energy 0.241226 | electron momentum kIdx = 10
The 5-th iteration is completed.	|| time cost : 0h 0m 27.341s
********************************************************************************************************************
Start the 6 rounds of NGS-ED iteration
	effective electronic model is modified as: kinetic energy t = 0.802645
	                                           effective interaction Vq = [-2.39949,-2.27253,-2.27633,-2.27253,-2.27253,-2.27633,-2.11084,-2.27633,-2.27633,-2.11084,-2.16273,-2.11084,-2.27253,-2.27633,-2.11084,-2.27633]
	PARPACK diagonalization completed after 30 matrix-vector product operations.
	iteration results: : total energy is -58.986710 | electron energy -59.236932 + phonon energy 0.250222 | electron momentum kIdx = 10
The 6-th iteration is completed.	|| time cost : 0h 0m 27.355s
********************************************************************************************************************
Start the 7 rounds of NGS-ED iteration
	effective electronic model is modified as: kinetic energy t = 0.801591
	                                           effective interaction Vq = [-2.39981,-2.27477, -2.2805,-2.27477,-2.27477, -2.2805,-2.11313, -2.2805, -2.2805,-2.11313,-2.16654,-2.11313,-2.27477, -2.2805,-2.11313, -2.2805]
	PARPACK diagonalization completed after 30 matrix-vector product operations.
	iteration results: : total energy is -58.992690 | electron energy -59.248145 + phonon energy 0.255455 | electron momentum kIdx = 10
The 7-th iteration is completed.	|| time cost : 0h 0m 27.352s
********************************************************************************************************************
Start the 8 rounds of NGS-ED iteration
	effective electronic model is modified as: kinetic energy t = 0.800996
	                                           effective interaction Vq = [-2.39993,-2.27598,-2.28285,-2.27598,-2.27598,-2.28285,-2.11437,-2.28285,-2.28285,-2.11437,-2.16882,-2.11437,-2.27598,-2.28285,-2.11437,-2.28285]
	PARPACK diagonalization completed after 30 matrix-vector product operations.
	iteration results: : total energy is -58.994854 | electron energy -59.253321 + phonon energy 0.258467 | electron momentum kIdx = 10
The 8-th iteration is completed.	|| time cost : 0h 0m 27.351s
********************************************************************************************************************
Start the 9 rounds of NGS-ED iteration
	effective electronic model is modified as: kinetic energy t = 0.800659
	                                           effective interaction Vq = [-2.39997,-2.27663,-2.28417,-2.27663,-2.27663,-2.28417,-2.11504,-2.28417,-2.28417,-2.11504,-2.17019,-2.11504,-2.27663,-2.28417,-2.11504,-2.28417]
	PARPACK diagonalization completed after 30 matrix-vector product operations.
	iteration results: : total energy is -58.995639 | electron energy -59.255831 + phonon energy 0.260192 | electron momentum kIdx = 10
The 9-th iteration is completed.	|| time cost : 0h 0m 27.312s
********************************************************************************************************************
Start the 10 rounds of NGS-ED iteration
	effective electronic model is modified as: kinetic energy t = 0.800469
	                                           effective interaction Vq = [-2.39999,-2.27698,-2.28492,-2.27698,-2.27698,-2.28492,-2.11541,-2.28492,-2.28492,-2.11541,-2.17101,-2.11541,-2.27698,-2.28492,-2.11541,-2.28492]
	PARPACK diagonalization completed after 30 matrix-vector product operations.
	iteration results: : total energy is -58.995924 | electron energy -59.257100 + phonon energy 0.261177 | electron momentum kIdx = 10
	Nq(0) = 16,	Nq(1) = 0.38461,	Nq(2) = 0.75885,	Nq(3) = 0.38461,	Nq(4) = 0.38461,	Nq(5) = 0.758853,	Nq(6) = 0.601589,	Nq(7) = 0.758853,	Nq(8) = 0.758856,	Nq(9) = 0.601589,	Nq(10) = 0.896273,	Nq(11) = 0.601589,	Nq(12) = 0.38461,	Nq(13) = 0.758853,	Nq(14) = 0.601589,	Nq(15) = 0.758853,	Sq(0) = -1.04599e-17,	Sq(1) = 0.353927,	Sq(2) = 0.368453,	Sq(3) = 0.353927,	Sq(4) = 0.353927,	Sq(5) = 0.368453,	Sq(6) = 0.593541,	Sq(7) = 0.368453,	Sq(8) = 0.368453,	Sq(9) = 0.593541,	Sq(10) = 0.605221,	Sq(11) = 0.593541,	Sq(12) = 0.353927,	Sq(13) = 0.368453,	Sq(14) = 0.593541,	Sq(15) = 0.368453,	N(0) = 1.99937,	N(1) = 1.9973,	N(2) = 1,	N(3) = 1.9973,	N(4) = 1.9973,	N(5) = 1,	N(6) = 0.00270068,	N(7) = 1,	N(8) = 1,	N(9) = 0.0027007,	N(10) = 0.000629659,	N(11) = 0.0027007,	N(12) = 1.9973,	N(13) = 1,	N(14) = 0.00270068,	N(15) = 1,	Delta[s](0) = 0.387442,	Delta[s](1) = 0.306221,	Delta[s](2) = 0.271786,	Delta[s](3) = 0.306221,	Delta[s](4) = 0.306221,	Delta[s](5) = 0.271786,	Delta[s](6) = 0.253422,	Delta[s](7) = 0.271786,	Delta[s](8) = 0.271786,	Delta[s](9) = 0.253422,	Delta[s](10) = 0.440364,	Delta[s](11) = 0.253422,	Delta[s](12) = 0.306221,	Delta[s](13) = 0.271786,	Delta[s](14) = 0.253422,	Delta[s](15) = 0.271786,	Delta[d](0) = 0.358986,	Delta[d](1) = 0.302749,	Delta[d](2) = 0.277212,	Delta[d](3) = 0.302749,	Delta[d](4) = 0.302749,	Delta[d](5) = 0.271064,	Delta[d](6) = 0.258426,	Delta[d](7) = 0.271064,	Delta[d](8) = 0.277212,	Delta[d](9) = 0.258426,	Delta[d](10) = 0.183085,	Delta[d](11) = 0.258426,	Delta[d](12) = 0.302749,	Delta[d](13) = 0.271064,	Delta[d](14) = 0.258426,	Delta[d](15) = 0.271064,	Delta[s+](0) = 0.499009,	Delta[s+](1) = 0.408417,	Delta[s+](2) = 0.277212,	Delta[s+](3) = 0.408417,	Delta[s+](4) = 0.408417,	Delta[s+](5) = 0.277212,	Delta[s+](6) = 0.14206,	Delta[s+](7) = 0.277212,	Delta[s+](8) = 0.277212,	Delta[s+](9) = 0.14206,	Delta[s+](10) = 0.0510247,	Delta[s+](11) = 0.14206,	Delta[s+](12) = 0.408417,	Delta[s+](13) = 0.277212,	Delta[s+](14) = 0.14206,	Delta[s+](15) = 0.277212
The 10-th iteration is completed.	|| time cost : 0h 4m 23.204s
********************************************************************************************************************
Start the 11 rounds of NGS-ED iteration
	effective electronic model is modified as: kinetic energy t = 0.800361
	                                           effective interaction Vq = [-2.39999,-2.27717,-2.28535,-2.27717,-2.27717,-2.28535, -2.1156,-2.28535,-2.28535, -2.1156,-2.17151, -2.1156,-2.27717,-2.28535, -2.1156,-2.28535]
	PARPACK diagonalization completed after 30 matrix-vector product operations.
	iteration results: : total energy is -58.996027 | electron energy -59.257766 + phonon energy 0.261738 | electron momentum kIdx = 10
The 11-th iteration is completed.	|| time cost : 0h 0m 27.598s
********************************************************************************************************************
Start the 12 rounds of NGS-ED iteration
	effective electronic model is modified as: kinetic energy t = 0.8003
	                                           effective interaction Vq = [    -2.4,-2.27727,-2.28559,-2.27727,-2.27727,-2.28559,-2.11571,-2.28559,-2.28559,-2.11571,-2.17181,-2.11571,-2.27727,-2.28559,-2.11571,-2.28559]
	PARPACK diagonalization completed after 30 matrix-vector product operations.
	iteration results: : total energy is -58.996065 | electron energy -59.258124 + phonon energy 0.262059 | electron momentum kIdx = 10
The 12-th iteration is completed.	|| time cost : 0h 0m 27.404s
********************************************************************************************************************
Start the 13 rounds of NGS-ED iteration
	effective electronic model is modified as: kinetic energy t = 0.800265
	                                           effective interaction Vq = [    -2.4,-2.27732,-2.28572,-2.27732,-2.27732,-2.28573,-2.11577,-2.28573,-2.28573,-2.11577,-2.17199,-2.11577,-2.27732,-2.28573,-2.11577,-2.28573]
	PARPACK diagonalization completed after 30 matrix-vector product operations.
	iteration results: : total energy is -58.996079 | electron energy -59.258320 + phonon energy 0.262241 | electron momentum kIdx = 10
The 13-th iteration is completed.	|| time cost : 0h 0m 27.33s
********************************************************************************************************************
Start the 14 rounds of NGS-ED iteration
	effective electronic model is modified as: kinetic energy t = 0.800246
	                                           effective interaction Vq = [    -2.4,-2.27735, -2.2858,-2.27735,-2.27735, -2.2858, -2.1158, -2.2858,-2.28581, -2.1158, -2.1721, -2.1158,-2.27735, -2.2858, -2.1158, -2.2858]
	PARPACK diagonalization completed after 30 matrix-vector product operations.
	iteration results: : total energy is -58.996084 | electron energy -59.258430 + phonon energy 0.262345 | electron momentum kIdx = 10
The 14-th iteration is completed.	|| time cost : 0h 0m 27.883s
********************************************************************************************************************
Start the 15 rounds of NGS-ED iteration
	effective electronic model is modified as: kinetic energy t = 0.800235
	                                           effective interaction Vq = [    -2.4,-2.27736,-2.28585,-2.27736,-2.27736,-2.28585,-2.11581,-2.28585,-2.28585,-2.11581,-2.17217,-2.11581,-2.27736,-2.28585,-2.11581,-2.28585]
	PARPACK diagonalization completed after 30 matrix-vector product operations.
	iteration results: : total energy is -58.996086 | electron energy -59.258491 + phonon energy 0.262405 | electron momentum kIdx = 10
The 15-th iteration is completed.	|| time cost : 0h 0m 27.273s
********************************************************************************************************************
Start the 16 rounds of NGS-ED iteration
	effective electronic model is modified as: kinetic energy t = 0.800229
	                                           effective interaction Vq = [    -2.4,-2.27737,-2.28587,-2.27737,-2.27737,-2.28587,-2.11582,-2.28587,-2.28588,-2.11582,-2.17221,-2.11582,-2.27737,-2.28587,-2.11582,-2.28587]
	PARPACK diagonalization completed after 30 matrix-vector product operations.
	iteration results: : total energy is -58.996087 | electron energy -59.258526 + phonon energy 0.262439 | electron momentum kIdx = 10
The 16-th iteration is completed.	|| time cost : 0h 0m 27.319s
********************************************************************************************************************
Start the 17 rounds of NGS-ED iteration
	effective electronic model is modified as: kinetic energy t = 0.800225
	                                           effective interaction Vq = [    -2.4,-2.27738,-2.28589,-2.27738,-2.27737,-2.28589,-2.11583,-2.28589,-2.28589,-2.11583,-2.17224,-2.11583,-2.27737,-2.28589,-2.11583,-2.28589]
	PARPACK diagonalization completed after 30 matrix-vector product operations.
	iteration results: : total energy is -58.996088 | electron energy -59.258546 + phonon energy 0.262458 | electron momentum kIdx = 10
The 17-th iteration is completed.	|| time cost : 0h 0m 27.346s
********************************************************************************************************************
Start the 18 rounds of NGS-ED iteration
	effective electronic model is modified as: kinetic energy t = 0.800223
	                                           effective interaction Vq = [    -2.4,-2.27738, -2.2859,-2.27738,-2.27738, -2.2859,-2.11583, -2.2859, -2.2859,-2.11583,-2.17225,-2.11583,-2.27738, -2.2859,-2.11583, -2.2859]
	PARPACK diagonalization completed after 30 matrix-vector product operations.
	iteration results: : total energy is -58.996088 | electron energy -59.258558 + phonon energy 0.262469 | electron momentum kIdx = 10
The 18-th iteration is completed.	|| time cost : 0h 0m 27.302s
********************************************************************************************************************
Start the 19 rounds of NGS-ED iteration
	effective electronic model is modified as: kinetic energy t = 0.800222
	                                           effective interaction Vq = [    -2.4,-2.27738, -2.2859,-2.27738,-2.27738, -2.2859,-2.11583, -2.2859, -2.2859,-2.11583,-2.17226,-2.11583,-2.27738, -2.2859,-2.11583, -2.2859]
	PARPACK diagonalization completed after 30 matrix-vector product operations.
	iteration results: : total energy is -58.996089 | electron energy -59.258565 + phonon energy 0.262476 | electron momentum kIdx = 10
The 19-th iteration is completed.	|| time cost : 0h 0m 27.638s
********************************************************************************************************************
Start the 20 rounds of NGS-ED iteration
	effective electronic model is modified as: kinetic energy t = 0.800221
	                                           effective interaction Vq = [    -2.4,-2.27738, -2.2859,-2.27738,-2.27738, -2.2859,-2.11583, -2.2859,-2.28591,-2.11583,-2.17227,-2.11583,-2.27738, -2.2859,-2.11583, -2.2859]
	PARPACK diagonalization completed after 30 matrix-vector product operations.
	iteration results: : total energy is -58.996090 | electron energy -59.258569 + phonon energy 0.262479 | electron momentum kIdx = 10
