SNEDics v3.4 Non-Gaussian ED ground state program		Start at Tue Oct  1 14:48:18 2019

parallized on 16 MPI threads  * 8 OpenMP threads = 128 total threads.
********************************************************************************************************************
********************************************************************************************************************

********************************************************************************************************************
System parameters and configurations
********************************************************************************************************************
Special program options are enabled: splitted diagonal Hamiltonian
********************************************************************************************************************
Read input file "model_params.in"
	Hubbard-Holstein model parameters : 	t = 1    U = 7.03    g = 4.4721    W = 5    
********************************************************************************************************************
Read input file "hilbertspace_params.in"
	Requested 16-site 2D lattice, with 16 electrons (8, 8)
	Boundary : Periodic		Hilbert space representation : momentum-space (restricted to kIdx = 0)
	Conservation: particle number[U(1)]      spin[U(1)]     momentum
********************************************************************************************************************

Cluster Positions:				Cluster symmetry group : D4
 x ... x ... x ... x .....                       x ... x ... x ... x .....
 |           |           :                       |           |           :
 |           |           :                       |           |           :
12    13    14    15     x                       1     5     6     5     x
 |           |           :                       |           |           :
 |           |           :                       |           |           :
 8 --- 9 ---10 ---11 --- x                       2 --- 6 ---10 --- 6 --- x
 |           |           :                       |           |           :
 |           |           :                       |           |           :
 4     5     6     7     x                       1     5     6     5     x
 |           |           :                       |           |           :
 |           |           :                       |           |           :
 0 --- 1 --- 2 --- 3 --- x                       0 --- 1 --- 2 --- 1 --- x
orbital number : 1
********************************************************************************************************************
Read input file "obs_params.in"
	Observable Type : Nq(All),   Sq(All),   N(All),   Delta[s](All),   Delta[d](All),   Delta[s+](All)
********************************************************************************************************************
** WARNING ** the input observables have non-local factors which have been reinterpreted. The total observable number is 96
********************************************************************************************************************


********************************************************************************************************************
Start calculating the non-Gaussian ED ground state
** WARNING ** Detected low phonon energy W < 10. The initial state will be prepared through a warm-up process.
********************************************************************************************************************
Start warm-up calculation for scaling factor 2
open output files: NGSEDWarmUpW10Obs.txt
********************************************************************************************************************
Start the 0 rounds of NGS-ED iteration
	effective electronic model is modified as: kinetic energy t = 1
	                                           effective interaction Vq = [-0,-0,-0,-0,-0,-0,-0,-0,-0,-0,-0,-0,-0,-0,-0,-0]
	first Hamiltonian is constructed, non-zero numbers = 2845383612
	PARPACK diagonalization completed after 105 matrix-vector product operations.
	iteration results: : total energy is -9.379543 | electron energy -9.379543 + phonon energy 0.000000 | electron momentum kIdx = 0
	Nq(0) = 16,	Nq(1) = 0.0774022,	Nq(2) = 0.13218,	Nq(3) = 0.0774022,	Nq(4) = 0.0774022,	Nq(5) = 0.13218,	Nq(6) = 0.181537,	Nq(7) = 0.13218,	Nq(8) = 0.13218,	Nq(9) = 0.181537,	Nq(10) = 0.227702,	Nq(11) = 0.181537,	Nq(12) = 0.0774022,	Nq(13) = 0.13218,	Nq(14) = 0.181537,	Nq(15) = 0.13218,	Sq(0) = 1.1105e-18,	Sq(1) = 0.418584,	Sq(2) = 0.638212,	Sq(3) = 0.418584,	Sq(4) = 0.418584,	Sq(5) = 0.638212,	Sq(6) = 0.90998,	Sq(7) = 0.638212,	Sq(8) = 0.638212,	Sq(9) = 0.90998,	Sq(10) = 4.79993,	Sq(11) = 0.90998,	Sq(12) = 0.418584,	Sq(13) = 0.638212,	Sq(14) = 0.90998,	Sq(15) = 0.638212,	N(0) = 1.81523,	N(1) = 1.6304,	N(2) = 1,	N(3) = 1.6304,	N(4) = 1.6304,	N(5) = 1,	N(6) = 0.369599,	N(7) = 1,	N(8) = 1,	N(9) = 0.369599,	N(10) = 0.184767,	N(11) = 0.369599,	N(12) = 1.6304,	N(13) = 1,	N(14) = 0.369599,	N(15) = 1,	Delta[s](0) = 0.0991675,	Delta[s](1) = 0.08291,	Delta[s](2) = 0.0655378,	Delta[s](3) = 0.08291,	Delta[s](4) = 0.08291,	Delta[s](5) = 0.0655378,	Delta[s](6) = 0.0462735,	Delta[s](7) = 0.0655378,	Delta[s](8) = 0.0655378,	Delta[s](9) = 0.0462735,	Delta[s](10) = 0.0191423,	Delta[s](11) = 0.0462735,	Delta[s](12) = 0.08291,	Delta[s](13) = 0.0655378,	Delta[s](14) = 0.0462735,	Delta[s](15) = 0.0655378,	Delta[d](0) = 0.58235,	Delta[d](1) = 0.441543,	Delta[d](2) = 0.337471,	Delta[d](3) = 0.441543,	Delta[d](4) = 0.441543,	Delta[d](5) = 0.344672,	Delta[d](6) = 0.241785,	Delta[d](7) = 0.344672,	Delta[d](8) = 0.337471,	Delta[d](9) = 0.241785,	Delta[d](10) = 0.12268,	Delta[d](11) = 0.241785,	Delta[d](12) = 0.441543,	Delta[d](13) = 0.344672,	Delta[d](14) = 0.241785,	Delta[d](15) = 0.344672,	Delta[s+](0) = 0.612582,	Delta[s+](1) = 0.484439,	Delta[s+](2) = 0.337471,	Delta[s+](3) = 0.484439,	Delta[s+](4) = 0.484439,	Delta[s+](5) = 0.337471,	Delta[s+](6) = 0.193711,	Delta[s+](7) = 0.337471,	Delta[s+](8) = 0.337471,	Delta[s+](9) = 0.193711,	Delta[s+](10) = 0.0692464,	Delta[s+](11) = 0.193711,	Delta[s+](12) = 0.484439,	Delta[s+](13) = 0.337471,	Delta[s+](14) = 0.193711,	Delta[s+](15) = 0.337471
The 0-th iteration is completed.	|| time cost : 0h 8m 29.194s
********************************************************************************************************************
Start the 1 rounds of NGS-ED iteration
	effective electronic model is modified as: kinetic energy t = 0.915751
	                                           effective interaction Vq = [ -3.4586,-2.97643,-2.90074,-2.97643,-2.97643,-2.90074,-2.85502,-2.90074,-2.90074,-2.85502, -2.8221,-2.85502,-2.97643,-2.90074,-2.85502,-2.90074]
	PARPACK diagonalization completed after 60 matrix-vector product operations.
	iteration results: : total energy is -73.416397 | electron energy -73.420984 + phonon energy 0.004586 | electron momentum kIdx = 0
The 1-th iteration is completed.	|| time cost : 0h 7m 44.586s
********************************************************************************************************************
Start the 2 rounds of NGS-ED iteration
	effective electronic model is modified as: kinetic energy t = 0.841347
	                                           effective interaction Vq = [-3.92667,-3.69887, -3.5578,-3.69887,-3.69887, -3.5578,-3.55058, -3.5578, -3.5578,-3.55058,-3.48259,-3.55058,-3.69887, -3.5578,-3.55058, -3.5578]
	PARPACK diagonalization completed after 75 matrix-vector product operations.
	iteration results: : total energy is -83.493756 | electron energy -83.549641 + phonon energy 0.055885 | electron momentum kIdx = 0
The 2-th iteration is completed.	|| time cost : 0h 0m 41.455s
********************************************************************************************************************
Start the 3 rounds of NGS-ED iteration
	effective electronic model is modified as: kinetic energy t = 0.793989
	                                           effective interaction Vq = [-3.99002,-3.88103,-3.84396,-3.88103,-3.88103,-3.84396,-3.76074,-3.84396,-3.84396,-3.76074,-3.75279,-3.76074,-3.88103,-3.84396,-3.76074,-3.84396]
	PARPACK diagonalization completed after 60 matrix-vector product operations.
	iteration results: : total energy is -85.649850 | electron energy -85.766578 + phonon energy 0.116729 | electron momentum kIdx = 0
The 3-th iteration is completed.	|| time cost : 0h 0m 37.043s
********************************************************************************************************************
Start the 4 rounds of NGS-ED iteration
	effective electronic model is modified as: kinetic energy t = 0.77584
	                                           effective interaction Vq = [-3.99859, -3.9253,-3.91322, -3.9253, -3.9253,-3.91322,-3.82147,-3.91322,-3.91322,-3.82147,-3.83553,-3.82147, -3.9253,-3.91322,-3.82147,-3.91322]
	PARPACK diagonalization completed after 45 matrix-vector product operations.
	iteration results: : total energy is -85.949351 | electron energy -86.101098 + phonon energy 0.151747 | electron momentum kIdx = 0
The 4-th iteration is completed.	|| time cost : 0h 0m 32.026s
********************************************************************************************************************
Start the 5 rounds of NGS-ED iteration
	effective electronic model is modified as: kinetic energy t = 0.769128
	                                           effective interaction Vq = [-3.99975,-3.93836,-3.93298,-3.93836,-3.93836,-3.93298,-3.84176,-3.93298,-3.93298,-3.84176,-3.86517,-3.84176,-3.93836,-3.93298,-3.84176,-3.93298]
	PARPACK diagonalization completed after 45 matrix-vector product operations.
	iteration results: : total energy is -85.989650 | electron energy -86.156151 + phonon energy 0.166501 | electron momentum kIdx = 0
The 5-th iteration is completed.	|| time cost : 0h 0m 32.317s
********************************************************************************************************************
Start the 6 rounds of NGS-ED iteration
	effective electronic model is modified as: kinetic energy t = 0.766656
	                                           effective interaction Vq = [-3.99991,-3.94265,-3.93918,-3.94265,-3.94265,-3.93918,-3.84906,-3.93918,-3.93918,-3.84906,-3.87727,-3.84906,-3.94265,-3.93918,-3.84906,-3.93918]
	PARPACK diagonalization completed after 45 matrix-vector product operations.
	iteration results: : total energy is -85.995083 | electron energy -86.167313 + phonon energy 0.172230 | electron momentum kIdx = 0
The 6-th iteration is completed.	|| time cost : 0h 0m 32.049s
********************************************************************************************************************
Start the 7 rounds of NGS-ED iteration
	effective electronic model is modified as: kinetic energy t = 0.765736
	                                           effective interaction Vq = [-3.99993,-3.94414,-3.94117,-3.94414,-3.94414,-3.94117,-3.85178,-3.94117,-3.94117,-3.85178,-3.88277,-3.85178,-3.94414,-3.94117,-3.85178,-3.94117]
	PARPACK diagonalization completed after 45 matrix-vector product operations.
	iteration results: : total energy is -85.995843 | electron energy -86.170274 + phonon energy 0.174431 | electron momentum kIdx = 0
The 7-th iteration is completed.	|| time cost : 0h 0m 32.462s
********************************************************************************************************************
Start the 8 rounds of NGS-ED iteration
	effective electronic model is modified as: kinetic energy t = 0.765384
	                                           effective interaction Vq = [-3.99994,-3.94467,-3.94179,-3.94467,-3.94467,-3.94179,-3.85282,-3.94179,-3.94179,-3.85282,-3.88554,-3.85282,-3.94467,-3.94179,-3.85282,-3.94179]
	PARPACK diagonalization completed after 45 matrix-vector product operations.
	iteration results: : total energy is -85.995960 | electron energy -86.171256 + phonon energy 0.175295 | electron momentum kIdx = 0
The 8-th iteration is completed.	|| time cost : 0h 0m 32.068s
********************************************************************************************************************
Start the 9 rounds of NGS-ED iteration
	effective electronic model is modified as: kinetic energy t = 0.765245
	                                           effective interaction Vq = [-3.99994,-3.94486,-3.94196,-3.94486,-3.94486,-3.94196,-3.85322,-3.94196,-3.94196,-3.85322,-3.88704,-3.85322,-3.94486,-3.94196,-3.85322,-3.94196]
	PARPACK diagonalization completed after 45 matrix-vector product operations.
	iteration results: : total energy is -85.995982 | electron energy -86.171633 + phonon energy 0.175651 | electron momentum kIdx = 0
	Nq(0) = 16,	Nq(1) = 0.413706,	Nq(2) = 0.778074,	Nq(3) = 0.413706,	Nq(4) = 0.413706,	Nq(5) = 0.778074,	Nq(6) = 0.663846,	Nq(7) = 0.778074,	Nq(8) = 0.778074,	Nq(9) = 0.663846,	Nq(10) = 1.01287,	Nq(11) = 0.663846,	Nq(12) = 0.413706,	Nq(13) = 0.778074,	Nq(14) = 0.663846,	Nq(15) = 0.778074,	Sq(0) = -2.76866e-18,	Sq(1) = 0.307868,	Sq(2) = 0.347501,	Sq(3) = 0.307868,	Sq(4) = 0.307868,	Sq(5) = 0.347501,	Sq(6) = 0.529692,	Sq(7) = 0.347501,	Sq(8) = 0.347501,	Sq(9) = 0.529692,	Sq(10) = 0.573235,	Sq(11) = 0.529692,	Sq(12) = 0.307868,	Sq(13) = 0.347501,	Sq(14) = 0.529692,	Sq(15) = 0.347501,	N(0) = 1.99547,	N(1) = 1.98816,	N(2) = 1,	N(3) = 1.98816,	N(4) = 1.98816,	N(5) = 1,	N(6) = 0.0118425,	N(7) = 1,	N(8) = 1,	N(9) = 0.0118425,	N(10) = 0.00452744,	N(11) = 0.0118425,	N(12) = 1.98816,	N(13) = 1,	N(14) = 0.0118425,	N(15) = 1,	Delta[s](0) = 0.633481,	Delta[s](1) = 0.32189,	Delta[s](2) = 0.289547,	Delta[s](3) = 0.32189,	Delta[s](4) = 0.32189,	Delta[s](5) = 0.289547,	Delta[s](6) = 0.271584,	Delta[s](7) = 0.289547,	Delta[s](8) = 0.289547,	Delta[s](9) = 0.271584,	Delta[s](10) = 0.251098,	Delta[s](11) = 0.271584,	Delta[s](12) = 0.32189,	Delta[s](13) = 0.289547,	Delta[s](14) = 0.271584,	Delta[s](15) = 0.289547,	Delta[d](0) = 0.332594,	Delta[d](1) = 0.283151,	Delta[d](2) = 0.258729,	Delta[d](3) = 0.283151,	Delta[d](4) = 0.283151,	Delta[d](5) = 0.256012,	Delta[d](6) = 0.244187,	Delta[d](7) = 0.256012,	Delta[d](8) = 0.258729,	Delta[d](9) = 0.244187,	Delta[d](10) = 0.179789,	Delta[d](11) = 0.244187,	Delta[d](12) = 0.283151,	Delta[d](13) = 0.256012,	Delta[d](14) = 0.244187,	Delta[d](15) = 0.256012,	Delta[s+](0) = 0.450584,	Delta[s+](1) = 0.37361,	Delta[s+](2) = 0.258729,	Delta[s+](3) = 0.37361,	Delta[s+](4) = 0.37361,	Delta[s+](5) = 0.258729,	Delta[s+](6) = 0.138358,	Delta[s+](7) = 0.258729,	Delta[s+](8) = 0.258729,	Delta[s+](9) = 0.138358,	Delta[s+](10) = 0.0569933,	Delta[s+](11) = 0.138358,	Delta[s+](12) = 0.37361,	Delta[s+](13) = 0.258729,	Delta[s+](14) = 0.138358,	Delta[s+](15) = 0.258729
The 9-th iteration is completed.	|| time cost : 0h 4m 43.177s
********************************************************************************************************************
********************************************************************************************************************
Ground state is obtained after 10 iterations. The current ground-state energy is -85.996, in which electron energy is -86.1716 and phonon energy is 0.175651
final variational state is: 
	Gamma_x = [      1,1.03483,1.06806,1.03483,1.03483,1.06806,1.08554,1.06806,1.06806,1.08554,1.11897,1.08554,1.03483,1.06806,1.08554,1.06806]
	lambda_q = [0.632422,0.558289,0.556325,0.558289,0.558289,0.556325, 0.51139,0.556325,0.556325, 0.51139,0.526609, 0.51139,0.558289,0.556325, 0.51139,0.556325]
********************************************************************************************************************
o___o  ----------------------------------------
| L |	Time since last clock: 0h 0m 0.001s
A===A	Time since the beginning: 0h 24m 56.384s
***********************************************


********************************************************************************************************************
Warm up runs have been completed. Start calculating W = 5 phonon.
open output files: NGSEDIterationObs.txt
********************************************************************************************************************
Start the 0 rounds of NGS-ED iteration
	effective electronic model is modified as: kinetic energy t = 0.765186
	                                           effective interaction Vq = [-3.65672,-3.43502, -3.4284,-3.43502,-3.43502, -3.4284,-3.26638, -3.4284, -3.4284,-3.26638,-3.32351,-3.26638,-3.43502, -3.4284,-3.26638, -3.4284]
	PARPACK diagonalization completed after 75 matrix-vector product operations.
	iteration results: : total energy is -75.767936 | electron energy -75.855840 + phonon energy 0.087903 | electron momentum kIdx = 0
	Nq(0) = 16,	Nq(1) = 0.354217,	Nq(2) = 0.372071,	Nq(3) = 0.354217,	Nq(4) = 0.354217,	Nq(5) = 0.372071,	Nq(6) = 0.56072,	Nq(7) = 0.372071,	Nq(8) = 0.372071,	Nq(9) = 0.56072,	Nq(10) = 0.598049,	Nq(11) = 0.56072,	Nq(12) = 0.354217,	Nq(13) = 0.372071,	Nq(14) = 0.56072,	Nq(15) = 0.372071,	Sq(0) = -5.77668e-18,	Sq(1) = 0.387165,	Sq(2) = 0.557555,	Sq(3) = 0.387165,	Sq(4) = 0.387165,	Sq(5) = 0.557555,	Sq(6) = 0.646536,	Sq(7) = 0.557555,	Sq(8) = 0.557555,	Sq(9) = 0.646536,	Sq(10) = 2.02964,	Sq(11) = 0.646536,	Sq(12) = 0.387165,	Sq(13) = 0.557555,	Sq(14) = 0.646536,	Sq(15) = 0.557555,	N(0) = 1.99897,	N(1) = 1.99747,	N(2) = 1,	N(3) = 1.99747,	N(4) = 1.99747,	N(5) = 1,	N(6) = 0.00253408,	N(7) = 1,	N(8) = 1,	N(9) = 0.00253408,	N(10) = 0.00102941,	N(11) = 0.00253408,	N(12) = 1.99747,	N(13) = 1,	N(14) = 0.00253408,	N(15) = 1,	Delta[s](0) = 0.236332,	Delta[s](1) = 0.230103,	Delta[s](2) = 0.197095,	Delta[s](3) = 0.230103,	Delta[s](4) = 0.230103,	Delta[s](5) = 0.197095,	Delta[s](6) = 0.191541,	Delta[s](7) = 0.197095,	Delta[s](8) = 0.197095,	Delta[s](9) = 0.191541,	Delta[s](10) = 0.139633,	Delta[s](11) = 0.191541,	Delta[s](12) = 0.230103,	Delta[s](13) = 0.197095,	Delta[s](14) = 0.191541,	Delta[s](15) = 0.197095,	Delta[d](0) = 0.536654,	Delta[d](1) = 0.339471,	Delta[d](2) = 0.295519,	Delta[d](3) = 0.339471,	Delta[d](4) = 0.339471,	Delta[d](5) = 0.340128,	Delta[d](6) = 0.26291,	Delta[d](7) = 0.340128,	Delta[d](8) = 0.295519,	Delta[d](9) = 0.26291,	Delta[d](10) = 0.148786,	Delta[d](11) = 0.26291,	Delta[d](12) = 0.339471,	Delta[d](13) = 0.340128,	Delta[d](14) = 0.26291,	Delta[d](15) = 0.340128,	Delta[s+](0) = 0.521119,	Delta[s+](1) = 0.43039,	Delta[s+](2) = 0.295519,	Delta[s+](3) = 0.43039,	Delta[s+](4) = 0.43039,	Delta[s+](5) = 0.295519,	Delta[s+](6) = 0.160893,	Delta[s+](7) = 0.295519,	Delta[s+](8) = 0.295519,	Delta[s+](9) = 0.160893,	Delta[s+](10) = 0.0615689,	Delta[s+](11) = 0.160893,	Delta[s+](12) = 0.43039,	Delta[s+](13) = 0.295519,	Delta[s+](14) = 0.160893,	Delta[s+](15) = 0.295519
The 0-th iteration is completed.	|| time cost : 0h 4m 39.587s
********************************************************************************************************************
Start the 1 rounds of NGS-ED iteration
	effective electronic model is modified as: kinetic energy t = 0.753543
	                                           effective interaction Vq = [-3.87367,-3.62722,-3.46349,-3.62722,-3.62722,-3.46349,-3.41263,-3.46349,-3.46349,-3.41263,-3.35918,-3.41263,-3.62722,-3.46349,-3.41263,-3.46349]
	PARPACK diagonalization completed after 60 matrix-vector product operations.
	iteration results: : total energy is -79.532123 | electron energy -79.775242 + phonon energy 0.243119 | electron momentum kIdx = 0
The 1-th iteration is completed.	|| time cost : 0h 0m 37.032s
********************************************************************************************************************
Start the 2 rounds of NGS-ED iteration
	effective electronic model is modified as: kinetic energy t = 0.741154
	                                           effective interaction Vq = [-3.95349,-3.73539,-3.49458,-3.73539,-3.73539,-3.49458,-3.51417,-3.49458,-3.49458,-3.51417,-3.39904,-3.51417,-3.73539,-3.49458,-3.51417,-3.49458]
	PARPACK diagonalization completed after 60 matrix-vector product operations.
	iteration results: : total energy is -80.941093 | electron energy -81.277492 + phonon energy 0.336399 | electron momentum kIdx = 0
The 2-th iteration is completed.	|| time cost : 0h 0m 37.015s
********************************************************************************************************************
Start the 3 rounds of NGS-ED iteration
	effective electronic model is modified as: kinetic energy t = 0.731194
	                                           effective interaction Vq = [-3.98285,-3.79847,-3.51868,-3.79847,-3.79847,-3.51868,-3.58174,-3.51868,-3.51868,-3.58174,-3.42813,-3.58174,-3.79847,-3.51868,-3.58174,-3.51868]
	PARPACK diagonalization completed after 75 matrix-vector product operations.
	iteration results: : total energy is -81.477193 | electron energy -81.867761 + phonon energy 0.390568 | electron momentum kIdx = 0
The 3-th iteration is completed.	|| time cost : 0h 0m 41.639s
********************************************************************************************************************
Start the 4 rounds of NGS-ED iteration
	effective electronic model is modified as: kinetic energy t = 0.717056
	                                           effective interaction Vq = [-3.99365,-3.83791,-3.61137,-3.83791,-3.83791,-3.61137,-3.62139,-3.61137,-3.61137,-3.62139,-3.45075,-3.62139,-3.83791,-3.61137,-3.62139,-3.61137]
	PARPACK diagonalization completed after 60 matrix-vector product operations.
	iteration results: : total energy is -81.833517 | electron energy -82.262452 + phonon energy 0.428935 | electron momentum kIdx = 0
The 4-th iteration is completed.	|| time cost : 0h 0m 36.99s
********************************************************************************************************************
Start the 5 rounds of NGS-ED iteration
	effective electronic model is modified as: kinetic energy t = 0.697051
	                                           effective interaction Vq = [-3.99762,-3.85694,-3.73582,-3.85694,-3.85694,-3.73582,-3.65169,-3.73582,-3.73582,-3.65169,-3.56743,-3.65169,-3.85694,-3.73582,-3.65169,-3.73582]
	PARPACK diagonalization completed after 60 matrix-vector product operations.
	iteration results: : total energy is -82.126674 | electron energy -82.597135 + phonon energy 0.470461 | electron momentum kIdx = 0
The 5-th iteration is completed.	|| time cost : 0h 0m 36.716s
********************************************************************************************************************
Start the 6 rounds of NGS-ED iteration
	effective electronic model is modified as: kinetic energy t = 0.685469
	                                           effective interaction Vq = [-3.99908,-3.86541,-3.80052,-3.86541,-3.86541,-3.80052,-3.66671,-3.80052,-3.80052,-3.66671,-3.63695,-3.66671,-3.86541,-3.80052,-3.66671,-3.80052]
	PARPACK diagonalization completed after 45 matrix-vector product operations.
	iteration results: : total energy is -82.240755 | electron energy -82.750223 + phonon energy 0.509468 | electron momentum kIdx = 0
The 6-th iteration is completed.	|| time cost : 0h 0m 32.153s
********************************************************************************************************************
Start the 7 rounds of NGS-ED iteration
	effective electronic model is modified as: kinetic energy t = 0.678648
	                                           effective interaction Vq = [-3.99962,-3.86906,-3.83566,-3.86906,-3.86906,-3.83566,-3.67405,-3.83566,-3.83566,-3.67405,-3.68042,-3.67405,-3.86906,-3.83566,-3.67405,-3.83566]
	PARPACK diagonalization completed after 45 matrix-vector product operations.
	iteration results: : total energy is -82.284625 | electron energy -82.822547 + phonon energy 0.537922 | electron momentum kIdx = 0
The 7-th iteration is completed.	|| time cost : 0h 0m 32.282s
********************************************************************************************************************
Start the 8 rounds of NGS-ED iteration
	effective electronic model is modified as: kinetic energy t = 0.674606
	                                           effective interaction Vq = [-3.99982,-3.87047,-3.85532,-3.87047,-3.87047,-3.85532,-3.67747,-3.85532,-3.85532,-3.67747,-3.70825,-3.67747,-3.87047,-3.85532,-3.67747,-3.85532]
	PARPACK diagonalization completed after 45 matrix-vector product operations.
	iteration results: : total energy is -82.301288 | electron energy -82.858060 + phonon energy 0.556772 | electron momentum kIdx = 0
The 8-th iteration is completed.	|| time cost : 0h 0m 32.155s
********************************************************************************************************************
Start the 9 rounds of NGS-ED iteration
	effective electronic model is modified as: kinetic energy t = 0.672208
	                                           effective interaction Vq = [-3.99989,-3.87086,-3.86657,-3.87086,-3.87086,-3.86657,-3.67892,-3.86657,-3.86657,-3.67892,-3.72633,-3.67892,-3.87086,-3.86657,-3.67892,-3.86657]
	PARPACK diagonalization completed after 45 matrix-vector product operations.
	iteration results: : total energy is -82.307580 | electron energy -82.876284 + phonon energy 0.568705 | electron momentum kIdx = 0
The 9-th iteration is completed.	|| time cost : 0h 0m 31.999s
********************************************************************************************************************
Start the 10 rounds of NGS-ED iteration
	effective electronic model is modified as: kinetic energy t = 0.670786
	                                           effective interaction Vq = [-3.99992,-3.87082,-3.87309,-3.87082,-3.87082,-3.87309,-3.67939,-3.87309,-3.87309,-3.67939,-3.73818,-3.67939,-3.87082,-3.87309,-3.67939,-3.87309]
	PARPACK diagonalization completed after 45 matrix-vector product operations.
	iteration results: : total energy is -82.309956 | electron energy -82.886046 + phonon energy 0.576090 | electron momentum kIdx = 0
	Nq(0) = 16,	Nq(1) = 0.412346,	Nq(2) = 0.798489,	Nq(3) = 0.412346,	Nq(4) = 0.412346,	Nq(5) = 0.798489,	Nq(6) = 0.620294,	Nq(7) = 0.798489,	Nq(8) = 0.798489,	Nq(9) = 0.620294,	Nq(10) = 0.920669,	Nq(11) = 0.620294,	Nq(12) = 0.412346,	Nq(13) = 0.798489,	Nq(14) = 0.620294,	Nq(15) = 0.798489,	Sq(0) = 2.65075e-18,	Sq(1) = 0.319234,	Sq(2) = 0.35391,	Sq(3) = 0.319234,	Sq(4) = 0.319234,	Sq(5) = 0.35391,	Sq(6) = 0.543786,	Sq(7) = 0.35391,	Sq(8) = 0.35391,	Sq(9) = 0.543786,	Sq(10) = 0.5823,	Sq(11) = 0.543786,	Sq(12) = 0.319234,	Sq(13) = 0.35391,	Sq(14) = 0.543786,	Sq(15) = 0.35391,	N(0) = 1.99655,	N(1) = 1.98986,	N(2) = 1,	N(3) = 1.98986,	N(4) = 1.98986,	N(5) = 1,	N(6) = 0.0101427,	N(7) = 1,	N(8) = 1,	N(9) = 0.0101427,	N(10) = 0.00345023,	N(11) = 0.0101427,	N(12) = 1.98986,	N(13) = 1,	N(14) = 0.0101427,	N(15) = 1,	Delta[s](0) = 0.471875,	Delta[s](1) = 0.314991,	Delta[s](2) = 0.295704,	Delta[s](3) = 0.314991,	Delta[s](4) = 0.314991,	Delta[s](5) = 0.295704,	Delta[s](6) = 0.284306,	Delta[s](7) = 0.295704,	Delta[s](8) = 0.295704,	Delta[s](9) = 0.284306,	Delta[s](10) = 0.2778,	Delta[s](11) = 0.284306,	Delta[s](12) = 0.314991,	Delta[s](13) = 0.295704,	Delta[s](14) = 0.284306,	Delta[s](15) = 0.295704,	Delta[d](0) = 0.361214,	Delta[d](1) = 0.318315,	Delta[d](2) = 0.295376,	Delta[d](3) = 0.318315,	Delta[d](4) = 0.318315,	Delta[d](5) = 0.294557,	Delta[d](6) = 0.282062,	Delta[d](7) = 0.294557,	Delta[d](8) = 0.295376,	Delta[d](9) = 0.282062,	Delta[d](10) = 0.227883,	Delta[d](11) = 0.282062,	Delta[d](12) = 0.318315,	Delta[d](13) = 0.294557,	Delta[d](14) = 0.282062,	Delta[d](15) = 0.294557,	Delta[s+](0) = 0.490554,	Delta[s+](1) = 0.409058,	Delta[s+](2) = 0.295376,	Delta[s+](3) = 0.409058,	Delta[s+](4) = 0.409058,	Delta[s+](5) = 0.295376,	Delta[s+](6) = 0.17628,	Delta[s+](7) = 0.295376,	Delta[s+](8) = 0.295376,	Delta[s+](9) = 0.17628,	Delta[s+](10) = 0.0910376,	Delta[s+](11) = 0.17628,	Delta[s+](12) = 0.409058,	Delta[s+](13) = 0.295376,	Delta[s+](14) = 0.17628,	Delta[s+](15) = 0.295376
The 10-th iteration is completed.	|| time cost : 0h 4m 30.941s
********************************************************************************************************************
Start the 11 rounds of NGS-ED iteration
	effective electronic model is modified as: kinetic energy t = 0.669944
	                                           effective interaction Vq = [-3.99993,-3.87062,-3.87691,-3.87062,-3.87062,-3.87691,-3.67942,-3.87691,-3.87691,-3.67942,-3.74601,-3.67942,-3.87062,-3.87691,-3.67942,-3.87691]
	PARPACK diagonalization completed after 45 matrix-vector product operations.
	iteration results: : total energy is -82.310859 | electron energy -82.891468 + phonon energy 0.580609 | electron momentum kIdx = 0
The 11-th iteration is completed.	|| time cost : 0h 0m 32.317s
********************************************************************************************************************
Start the 12 rounds of NGS-ED iteration
	effective electronic model is modified as: kinetic energy t = 0.669447
	                                           effective interaction Vq = [-3.99993,-3.87039,-3.87917,-3.87039,-3.87039,-3.87917,-3.67926,-3.87917,-3.87917,-3.67926,-3.75122,-3.67926,-3.87039,-3.87917,-3.67926,-3.87917]
	PARPACK diagonalization completed after 45 matrix-vector product operations.
	iteration results: : total energy is -82.311206 | electron energy -82.894567 + phonon energy 0.583361 | electron momentum kIdx = 0
The 12-th iteration is completed.	|| time cost : 0h 0m 32.022s
********************************************************************************************************************
Start the 13 rounds of NGS-ED iteration
	effective electronic model is modified as: kinetic energy t = 0.669153
	                                           effective interaction Vq = [-3.99993,-3.87018, -3.8805,-3.87018,-3.87018, -3.8805,-3.67904, -3.8805, -3.8805,-3.67904,-3.75469,-3.67904,-3.87018, -3.8805,-3.67904, -3.8805]
	PARPACK diagonalization completed after 45 matrix-vector product operations.
	iteration results: : total energy is -82.311340 | electron energy -82.896374 + phonon energy 0.585034 | electron momentum kIdx = 0
The 13-th iteration is completed.	|| time cost : 0h 0m 31.993s
********************************************************************************************************************
Start the 14 rounds of NGS-ED iteration
	effective electronic model is modified as: kinetic energy t = 0.66898
	                                           effective interaction Vq = [-3.99994,-3.87001, -3.8813,-3.87001,-3.87001, -3.8813,-3.67883, -3.8813, -3.8813,-3.67883,-3.75702,-3.67883,-3.87001, -3.8813,-3.67883, -3.8813]
	PARPACK diagonalization completed after 30 matrix-vector product operations.
	iteration results: : total energy is -82.311393 | electron energy -82.897444 + phonon energy 0.586051 | electron momentum kIdx = 0
The 14-th iteration is completed.	|| time cost : 0h 0m 27.337s
********************************************************************************************************************
Start the 15 rounds of NGS-ED iteration
	effective electronic model is modified as: kinetic energy t = 0.668878
	                                           effective interaction Vq = [-3.99994,-3.86988,-3.88177,-3.86988,-3.86988,-3.88177,-3.67865,-3.88177,-3.88177,-3.67865,-3.75858,-3.67865,-3.86988,-3.88177,-3.67865,-3.88177]
	PARPACK diagonalization completed after 30 matrix-vector product operations.
	iteration results: : total energy is -82.311415 | electron energy -82.898085 + phonon energy 0.586670 | electron momentum kIdx = 0
The 15-th iteration is completed.	|| time cost : 0h 0m 27.964s
********************************************************************************************************************
Start the 16 rounds of NGS-ED iteration
	effective electronic model is modified as: kinetic energy t = 0.668818
	                                           effective interaction Vq = [-3.99994,-3.86978,-3.88205,-3.86978,-3.86978,-3.88205, -3.6785,-3.88205,-3.88205, -3.6785,-3.75964, -3.6785,-3.86978,-3.88205, -3.6785,-3.88205]
	PARPACK diagonalization completed after 30 matrix-vector product operations.
	iteration results: : total energy is -82.311424 | electron energy -82.898471 + phonon energy 0.587047 | electron momentum kIdx = 0
The 16-th iteration is completed.	|| time cost : 0h 0m 27.639s
********************************************************************************************************************
Start the 17 rounds of NGS-ED iteration
	effective electronic model is modified as: kinetic energy t = 0.668782
	                                           effective interaction Vq = [-3.99994, -3.8697,-3.88222, -3.8697, -3.8697,-3.88222,-3.67839,-3.88222,-3.88222,-3.67839,-3.76035,-3.67839, -3.8697,-3.88222,-3.67839,-3.88222]
	PARPACK diagonalization completed after 30 matrix-vector product operations.
	iteration results: : total energy is -82.311427 | electron energy -82.898705 + phonon energy 0.587278 | electron momentum kIdx = 0
The 17-th iteration is completed.	|| time cost : 0h 0m 27.342s
********************************************************************************************************************
Start the 18 rounds of NGS-ED iteration
	effective electronic model is modified as: kinetic energy t = 0.668762
	                                           effective interaction Vq = [-3.99994,-3.86965,-3.88232,-3.86965,-3.86965,-3.88232, -3.6783,-3.88232,-3.88232, -3.6783,-3.76083, -3.6783,-3.86965,-3.88232, -3.6783,-3.88232]
	PARPACK diagonalization completed after 30 matrix-vector product operations.
	iteration results: : total energy is -82.311429 | electron energy -82.898848 + phonon energy 0.587420 | electron momentum kIdx = 0
The 18-th iteration is completed.	|| time cost : 0h 0m 27.65s
********************************************************************************************************************
Start the 19 rounds of NGS-ED iteration
	effective electronic model is modified as: kinetic energy t = 0.668749
	                                           effective interaction Vq = [-3.99994,-3.86962,-3.88238,-3.86962,-3.86962,-3.88238,-3.67824,-3.88238,-3.88238,-3.67824,-3.76115,-3.67824,-3.86962,-3.88238,-3.67824,-3.88238]
	PARPACK diagonalization completed after 30 matrix-vector product operations.
	iteration results: : total energy is -82.311429 | electron energy -82.898936 + phonon energy 0.587507 | electron momentum kIdx = 0
The 19-th iteration is completed.	|| time cost : 0h 0m 27.355s
********************************************************************************************************************
Start the 20 rounds of NGS-ED iteration
	effective electronic model is modified as: kinetic energy t = 0.668742
	                                           effective interaction Vq = [-3.99994,-3.86959,-3.88242,-3.86959,-3.86959,-3.88242, -3.6782,-3.88242,-3.88242, -3.6782,-3.76137, -3.6782,-3.86959,-3.88242, -3.6782,-3.88242]
	PARPACK diagonalization completed after 30 matrix-vector product operations.
	iteration results: : total energy is -82.311430 | electron energy -82.898990 + phonon energy 0.587561 | electron momentum kIdx = 0
	Nq(0) = 16,	Nq(1) = 0.409808,	Nq(2) = 0.802421,	Nq(3) = 0.409808,	Nq(4) = 0.409808,	Nq(5) = 0.802421,	Nq(6) = 0.61743,	Nq(7) = 0.802421,	Nq(8) = 0.802421,	Nq(9) = 0.61743,	Nq(10) = 0.937611,	Nq(11) = 0.61743,	Nq(12) = 0.409808,	Nq(13) = 0.802421,	Nq(14) = 0.61743,	Nq(15) = 0.802421,	Sq(0) = 9.01163e-18,	Sq(1) = 0.317926,	Sq(2) = 0.353101,	Sq(3) = 0.317926,	Sq(4) = 0.317926,	Sq(5) = 0.353101,	Sq(6) = 0.541986,	Sq(7) = 0.353101,	Sq(8) = 0.353101,	Sq(9) = 0.541986,	Sq(10) = 0.580653,	Sq(11) = 0.541986,	Sq(12) = 0.317926,	Sq(13) = 0.353101,	Sq(14) = 0.541986,	Sq(15) = 0.353101,	N(0) = 1.99631,	N(1) = 1.98932,	N(2) = 1,	N(3) = 1.98932,	N(4) = 1.98932,	N(5) = 1,	N(6) = 0.0106794,	N(7) = 1,	N(8) = 1,	N(9) = 0.0106794,	N(10) = 0.00369367,	N(11) = 0.0106794,	N(12) = 1.98932,	N(13) = 1,	N(14) = 0.0106794,	N(15) = 1,	Delta[s](0) = 0.47155,	Delta[s](1) = 0.315572,	Delta[s](2) = 0.296354,	Delta[s](3) = 0.315572,	Delta[s](4) = 0.315572,	Delta[s](5) = 0.296354,	Delta[s](6) = 0.28505,	Delta[s](7) = 0.296354,	Delta[s](8) = 0.296354,	Delta[s](9) = 0.28505,	Delta[s](10) = 0.278384,	Delta[s](11) = 0.28505,	Delta[s](12) = 0.315572,	Delta[s](13) = 0.296354,	Delta[s](14) = 0.28505,	Delta[s](15) = 0.296354,	Delta[d](0) = 0.360321,	Delta[d](1) = 0.317581,	Delta[d](2) = 0.294671,	Delta[d](3) = 0.317581,	Delta[d](4) = 0.317581,	Delta[d](5) = 0.294,	Delta[d](6) = 0.281492,	Delta[d](7) = 0.294,	Delta[d](8) = 0.294671,	Delta[d](9) = 0.281492,	Delta[d](10) = 0.227705,	Delta[d](11) = 0.281492,	Delta[d](12) = 0.317581,	Delta[d](13) = 0.294,	Delta[d](14) = 0.281492,	Delta[d](15) = 0.294,	Delta[s+](0) = 0.488829,	Delta[s+](1) = 0.407674,	Delta[s+](2) = 0.294671,	Delta[s+](3) = 0.407674,	Delta[s+](4) = 0.407674,	Delta[s+](5) = 0.294671,	Delta[s+](6) = 0.175975,	Delta[s+](7) = 0.294671,	Delta[s+](8) = 0.294671,	Delta[s+](9) = 0.175975,	Delta[s+](10) = 0.0910743,	Delta[s+](11) = 0.175975,	Delta[s+](12) = 0.407674,	Delta[s+](13) = 0.294671,	Delta[s+](14) = 0.175975,	Delta[s+](15) = 0.294671
The 20-th iteration is completed.	|| time cost : 0h 4m 25.576s
********************************************************************************************************************
Start the 21 rounds of NGS-ED iteration
	effective electronic model is modified as: kinetic energy t = 0.668738
	                                           effective interaction Vq = [-3.99994,-3.86957,-3.88244,-3.86957,-3.86957,-3.88244,-3.67816,-3.88244,-3.88244,-3.67816,-3.76152,-3.67816,-3.86957,-3.88244,-3.67816,-3.88244]
	PARPACK diagonalization completed after 30 matrix-vector product operations.
	iteration results: : total energy is -82.311430 | electron energy -82.899024 + phonon energy 0.587594 | electron momentum kIdx = 0
The 21-th iteration is completed.	|| time cost : 0h 0m 27.6s
********************************************************************************************************************
Start the 22 rounds of NGS-ED iteration
	effective electronic model is modified as: kinetic energy t = 0.668736
	                                           effective interaction Vq = [-3.99994,-3.86956,-3.88245,-3.86956,-3.86956,-3.88245,-3.67814,-3.88245,-3.88245,-3.67814,-3.76162,-3.67814,-3.86956,-3.88245,-3.67814,-3.88245]
	PARPACK diagonalization completed after 30 matrix-vector product operations.
	iteration results: : total energy is -82.311430 | electron energy -82.899045 + phonon energy 0.587615 | electron momentum kIdx = 0
The 22-th iteration is completed.	|| time cost : 0h 0m 27.647s
********************************************************************************************************************
Start the 23 rounds of NGS-ED iteration
	effective electronic model is modified as: kinetic energy t = 0.668734
	                                           effective interaction Vq = [-3.99994,-3.86955,-3.88246,-3.86955,-3.86955,-3.88246,-3.67812,-3.88246,-3.88246,-3.67812,-3.76169,-3.67812,-3.86955,-3.88246,-3.67812,-3.88246]
	PARPACK diagonalization completed after 30 matrix-vector product operations.
	iteration results: : total energy is -82.311430 | electron energy -82.899058 + phonon energy 0.587628 | electron momentum kIdx = 0
The 23-th iteration is completed.	|| time cost : 0h 0m 27.264s
********************************************************************************************************************
Start the 24 rounds of NGS-ED iteration
	effective electronic model is modified as: kinetic energy t = 0.668733
	                                           effective interaction Vq = [-3.99994,-3.86954,-3.88246,-3.86954,-3.86954,-3.88246,-3.67811,-3.88246,-3.88246,-3.67811,-3.76174,-3.67811,-3.86954,-3.88246,-3.67811,-3.88246]
	PARPACK diagonalization completed after 30 matrix-vector product operations.
	iteration results: : total energy is -82.311430 | electron energy -82.899066 + phonon energy 0.587636 | electron momentum kIdx = 0
The 24-th iteration is completed.	|| time cost : 0h 0m 27.452s
