SNEDics v3.4 Non-Gaussian ED ground state program		Start at Tue Oct  1 13:57:50 2019

parallized on 16 MPI threads  * 8 OpenMP threads = 128 total threads.
********************************************************************************************************************
********************************************************************************************************************

********************************************************************************************************************
System parameters and configurations
********************************************************************************************************************
Special program options are enabled: splitted diagonal Hamiltonian
********************************************************************************************************************
Read input file "model_params.in"
	Hubbard-Holstein model parameters : 	t = 1    U = 5.8    g = 3.8078    W = 5    
********************************************************************************************************************
Read input file "hilbertspace_params.in"
	Requested 16-site 2D lattice, with 16 electrons (8, 8)
	Boundary : Periodic		Hilbert space representation : momentum-space (restricted to kIdx = 0)
	Conservation: particle number[U(1)]      spin[U(1)]     momentum
********************************************************************************************************************

Cluster Positions:				Cluster symmetry group : D4
 x ... x ... x ... x .....                       x ... x ... x ... x .....
 |           |           :                       |           |           :
 |           |           :                       |           |           :
12    13    14    15     x                       1     5     6     5     x
 |           |           :                       |           |           :
 |           |           :                       |           |           :
 8 --- 9 ---10 ---11 --- x                       2 --- 6 ---10 --- 6 --- x
 |           |           :                       |           |           :
 |           |           :                       |           |           :
 4     5     6     7     x                       1     5     6     5     x
 |           |           :                       |           |           :
 |           |           :                       |           |           :
 0 --- 1 --- 2 --- 3 --- x                       0 --- 1 --- 2 --- 1 --- x
orbital number : 1
********************************************************************************************************************
Read input file "obs_params.in"
	Observable Type : Nq(All),   Sq(All),   N(All),   Delta[s](All),   Delta[d](All),   Delta[s+](All)
********************************************************************************************************************
** WARNING ** the input observables have non-local factors which have been reinterpreted. The total observable number is 96
********************************************************************************************************************


********************************************************************************************************************
Start calculating the non-Gaussian ED ground state
** WARNING ** Detected low phonon energy W < 10. The initial state will be prepared through a warm-up process.
********************************************************************************************************************
Start warm-up calculation for scaling factor 2
open output files: NGSEDWarmUpW10Obs.txt
********************************************************************************************************************
Start the 0 rounds of NGS-ED iteration
	effective electronic model is modified as: kinetic energy t = 1
	                                           effective interaction Vq = [-0,-0,-0,-0,-0,-0,-0,-0,-0,-0,-0,-0,-0,-0,-0,-0]
	first Hamiltonian is constructed, non-zero numbers = 2845383612
	PARPACK diagonalization completed after 90 matrix-vector product operations.
	iteration results: : total energy is -10.808628 | electron energy -10.808628 + phonon energy 0.000000 | electron momentum kIdx = 0
	Nq(0) = 16,	Nq(1) = 0.103056,	Nq(2) = 0.167793,	Nq(3) = 0.103056,	Nq(4) = 0.103056,	Nq(5) = 0.167793,	Nq(6) = 0.228127,	Nq(7) = 0.167793,	Nq(8) = 0.167793,	Nq(9) = 0.228127,	Nq(10) = 0.283203,	Nq(11) = 0.228127,	Nq(12) = 0.103056,	Nq(13) = 0.167793,	Nq(14) = 0.228127,	Nq(15) = 0.167793,	Sq(0) = -4.07883e-19,	Sq(1) = 0.424734,	Sq(2) = 0.633764,	Sq(3) = 0.424734,	Sq(4) = 0.424734,	Sq(5) = 0.633764,	Sq(6) = 0.869501,	Sq(7) = 0.633764,	Sq(8) = 0.633764,	Sq(9) = 0.869501,	Sq(10) = 4.40578,	Sq(11) = 0.869501,	Sq(12) = 0.424734,	Sq(13) = 0.633764,	Sq(14) = 0.869501,	Sq(15) = 0.633764,	N(0) = 1.86537,	N(1) = 1.71677,	N(2) = 1,	N(3) = 1.71677,	N(4) = 1.71677,	N(5) = 1,	N(6) = 0.283231,	N(7) = 1,	N(8) = 1,	N(9) = 0.283231,	N(10) = 0.134634,	N(11) = 0.283231,	N(12) = 1.71677,	N(13) = 1,	N(14) = 0.283231,	N(15) = 1,	Delta[s](0) = 0.127384,	Delta[s](1) = 0.106369,	Delta[s](2) = 0.0833654,	Delta[s](3) = 0.106369,	Delta[s](4) = 0.106369,	Delta[s](5) = 0.0833654,	Delta[s](6) = 0.0586862,	Delta[s](7) = 0.0833654,	Delta[s](8) = 0.0833654,	Delta[s](9) = 0.0586862,	Delta[s](10) = 0.0195481,	Delta[s](11) = 0.0586862,	Delta[s](12) = 0.106369,	Delta[s](13) = 0.0833654,	Delta[s](14) = 0.0586862,	Delta[s](15) = 0.0833654,	Delta[d](0) = 0.571354,	Delta[d](1) = 0.418893,	Delta[d](2) = 0.325056,	Delta[d](3) = 0.418893,	Delta[d](4) = 0.418893,	Delta[d](5) = 0.33521,	Delta[d](6) = 0.237928,	Delta[d](7) = 0.33521,	Delta[d](8) = 0.325056,	Delta[d](9) = 0.237928,	Delta[d](10) = 0.114372,	Delta[d](11) = 0.237928,	Delta[d](12) = 0.418893,	Delta[d](13) = 0.33521,	Delta[d](14) = 0.237928,	Delta[d](15) = 0.33521,	Delta[s+](0) = 0.605962,	Delta[s+](1) = 0.47891,	Delta[s+](2) = 0.325056,	Delta[s+](3) = 0.47891,	Delta[s+](4) = 0.47891,	Delta[s+](5) = 0.325056,	Delta[s+](6) = 0.176262,	Delta[s+](7) = 0.325056,	Delta[s+](8) = 0.325056,	Delta[s+](9) = 0.176262,	Delta[s+](10) = 0.054494,	Delta[s+](11) = 0.176262,	Delta[s+](12) = 0.47891,	Delta[s+](13) = 0.325056,	Delta[s+](14) = 0.176262,	Delta[s+](15) = 0.325056
The 0-th iteration is completed.	|| time cost : 0h 8m 28.357s
********************************************************************************************************************
Start the 1 rounds of NGS-ED iteration
	effective electronic model is modified as: kinetic energy t = 0.934302
	                                           effective interaction Vq = [-2.50741, -2.2105,-2.14678, -2.2105, -2.2105,-2.14678,-2.11283,-2.14678,-2.14678,-2.11283,-2.08671,-2.11283, -2.2105,-2.14678,-2.11283,-2.14678]
	PARPACK diagonalization completed after 45 matrix-vector product operations.
	iteration results: : total energy is -57.880837 | electron energy -57.884229 + phonon energy 0.003392 | electron momentum kIdx = 0
The 1-th iteration is completed.	|| time cost : 0h 7m 44.953s
********************************************************************************************************************
Start the 2 rounds of NGS-ED iteration
	effective electronic model is modified as: kinetic energy t = 0.883346
	                                           effective interaction Vq = [-2.84676,-2.67587,-2.56835,-2.67587,-2.67587,-2.56835,-2.55824,-2.56835,-2.56835,-2.55824,-2.50794,-2.55824,-2.67587,-2.56835,-2.55824,-2.56835]
	PARPACK diagonalization completed after 45 matrix-vector product operations.
	iteration results: : total energy is -64.634918 | electron energy -64.667024 + phonon energy 0.032106 | electron momentum kIdx = 0
The 2-th iteration is completed.	|| time cost : 0h 0m 32.034s
********************************************************************************************************************
Start the 3 rounds of NGS-ED iteration
	effective electronic model is modified as: kinetic energy t = 0.862623
	                                           effective interaction Vq = [-2.89268,-2.78896,-2.67188,-2.78896,-2.78896,-2.67188,-2.68105,-2.67188,-2.67188,-2.68105,-2.61691,-2.68105,-2.78896,-2.67188,-2.68105,-2.67188]
	PARPACK diagonalization completed after 45 matrix-vector product operations.
	iteration results: : total energy is -65.563987 | electron energy -65.623128 + phonon energy 0.059141 | electron momentum kIdx = 0
The 3-th iteration is completed.	|| time cost : 0h 0m 32.053s
********************************************************************************************************************
Start the 4 rounds of NGS-ED iteration
	effective electronic model is modified as: kinetic energy t = 0.855041
	                                           effective interaction Vq = [ -2.8989,-2.82128,-2.70186,-2.82128,-2.82128,-2.70186,-2.72012,-2.70186,-2.70186,-2.72012,-2.64942,-2.72012,-2.82128,-2.70186,-2.72012,-2.70186]
	PARPACK diagonalization completed after 45 matrix-vector product operations.
	iteration results: : total energy is -65.689422 | electron energy -65.761711 + phonon energy 0.072290 | electron momentum kIdx = 0
The 4-th iteration is completed.	|| time cost : 0h 0m 32.401s
********************************************************************************************************************
Start the 5 rounds of NGS-ED iteration
	effective electronic model is modified as: kinetic energy t = 0.852352
	                                           effective interaction Vq = [-2.89974, -2.8317,-2.71127, -2.8317, -2.8317,-2.71127, -2.7335,-2.71127,-2.71127, -2.7335,-2.65979, -2.7335, -2.8317,-2.71127, -2.7335,-2.71127]
	PARPACK diagonalization completed after 30 matrix-vector product operations.
	iteration results: : total energy is -65.706220 | electron energy -65.783690 + phonon energy 0.077470 | electron momentum kIdx = 0
The 5-th iteration is completed.	|| time cost : 0h 0m 27.669s
********************************************************************************************************************
Start the 6 rounds of NGS-ED iteration
	effective electronic model is modified as: kinetic energy t = 0.851408
	                                           effective interaction Vq = [-2.89985,-2.83528,-2.71432,-2.83528,-2.83528,-2.71432,-2.73824,-2.71432,-2.71432,-2.73824,-2.66319,-2.73824,-2.83528,-2.71432,-2.73824,-2.71432]
	PARPACK diagonalization completed after 30 matrix-vector product operations.
	iteration results: : total energy is -65.708464 | electron energy -65.787830 + phonon energy 0.079366 | electron momentum kIdx = 0
The 6-th iteration is completed.	|| time cost : 0h 0m 27.336s
********************************************************************************************************************
Start the 7 rounds of NGS-ED iteration
	effective electronic model is modified as: kinetic energy t = 0.851077
	                                           effective interaction Vq = [-2.89987,-2.83654,-2.71532,-2.83654,-2.83654,-2.71532,-2.73994,-2.71532,-2.71532,-2.73994,-2.66432,-2.73994,-2.83654,-2.71532,-2.73994,-2.71532]
	PARPACK diagonalization completed after 30 matrix-vector product operations.
	iteration results: : total energy is -65.708764 | electron energy -65.788806 + phonon energy 0.080042 | electron momentum kIdx = 0
The 7-th iteration is completed.	|| time cost : 0h 0m 27.65s
********************************************************************************************************************
Start the 8 rounds of NGS-ED iteration
	effective electronic model is modified as: kinetic energy t = 0.85096
	                                           effective interaction Vq = [-2.89987,-2.83699,-2.71565,-2.83699,-2.83699,-2.71565,-2.74055,-2.71565,-2.71565,-2.74055,-2.66469,-2.74055,-2.83699,-2.71565,-2.74055,-2.71565]
	PARPACK diagonalization completed after 30 matrix-vector product operations.
	iteration results: : total energy is -65.708804 | electron energy -65.789085 + phonon energy 0.080281 | electron momentum kIdx = 0
	Nq(0) = 16,	Nq(1) = 0.360405,	Nq(2) = 0.363802,	Nq(3) = 0.360405,	Nq(4) = 0.360405,	Nq(5) = 0.363802,	Nq(6) = 0.588351,	Nq(7) = 0.363802,	Nq(8) = 0.363802,	Nq(9) = 0.588351,	Nq(10) = 0.597145,	Nq(11) = 0.588351,	Nq(12) = 0.360405,	Nq(13) = 0.363802,	Nq(14) = 0.588351,	Nq(15) = 0.363802,	Sq(0) = 7.63779e-18,	Sq(1) = 0.382764,	Sq(2) = 0.554723,	Sq(3) = 0.382764,	Sq(4) = 0.382764,	Sq(5) = 0.554723,	Sq(6) = 0.642738,	Sq(7) = 0.554723,	Sq(8) = 0.554723,	Sq(9) = 0.642738,	Sq(10) = 1.99467,	Sq(11) = 0.642738,	Sq(12) = 0.382764,	Sq(13) = 0.554723,	Sq(14) = 0.642738,	Sq(15) = 0.554723,	N(0) = 1.99918,	N(1) = 1.99873,	N(2) = 1,	N(3) = 1.99873,	N(4) = 1.99873,	N(5) = 1,	N(6) = 0.00126982,	N(7) = 1,	N(8) = 1,	N(9) = 0.00126982,	N(10) = 0.000817338,	N(11) = 0.00126982,	N(12) = 1.99873,	N(13) = 1,	N(14) = 0.00126982,	N(15) = 1,	Delta[s](0) = 0.257804,	Delta[s](1) = 0.25183,	Delta[s](2) = 0.194347,	Delta[s](3) = 0.25183,	Delta[s](4) = 0.25183,	Delta[s](5) = 0.194347,	Delta[s](6) = 0.189101,	Delta[s](7) = 0.194347,	Delta[s](8) = 0.194347,	Delta[s](9) = 0.189101,	Delta[s](10) = 0.0998809,	Delta[s](11) = 0.189101,	Delta[s](12) = 0.25183,	Delta[s](13) = 0.194347,	Delta[s](14) = 0.189101,	Delta[s](15) = 0.194347,	Delta[d](0) = 0.544101,	Delta[d](1) = 0.312068,	Delta[d](2) = 0.274351,	Delta[d](3) = 0.312068,	Delta[d](4) = 0.312068,	Delta[d](5) = 0.326085,	Delta[d](6) = 0.241777,	Delta[d](7) = 0.326085,	Delta[d](8) = 0.274351,	Delta[d](9) = 0.241777,	Delta[d](10) = 0.111105,	Delta[d](11) = 0.241777,	Delta[d](12) = 0.312068,	Delta[d](13) = 0.326085,	Delta[d](14) = 0.241777,	Delta[d](15) = 0.326085,	Delta[s+](0) = 0.509449,	Delta[s+](1) = 0.416547,	Delta[s+](2) = 0.274351,	Delta[s+](3) = 0.416547,	Delta[s+](4) = 0.416547,	Delta[s+](5) = 0.274351,	Delta[s+](6) = 0.131554,	Delta[s+](7) = 0.274351,	Delta[s+](8) = 0.274351,	Delta[s+](9) = 0.131554,	Delta[s+](10) = 0.0351507,	Delta[s+](11) = 0.131554,	Delta[s+](12) = 0.416547,	Delta[s+](13) = 0.274351,	Delta[s+](14) = 0.131554,	Delta[s+](15) = 0.274351
The 8-th iteration is completed.	|| time cost : 0h 4m 31.466s
********************************************************************************************************************
********************************************************************************************************************
Ground state is obtained after 9 iterations. The current ground-state energy is -65.7088, in which electron energy is -65.7891 and phonon energy is 0.0802808
final variational state is: 
	Gamma_x = [      1,1.02654,1.04055,1.02654,1.02654,1.04055,1.06304,1.04055,1.04055,1.06304,  1.073,1.06304,1.02654,1.04055,1.06304,1.04055]
	lambda_q = [0.538438, 0.45931,0.402817, 0.45931, 0.45931,0.402817,0.412371,0.402817,0.402817,0.412371,0.385192,0.412371, 0.45931,0.402817,0.412371,0.402817]
********************************************************************************************************************
o___o  ----------------------------------------
| L |	Time since last clock: 0h 0m 0s
A===A	Time since the beginning: 0h 23m 43.923s
***********************************************


********************************************************************************************************************
Warm up runs have been completed. Start calculating W = 5 phonon.
open output files: NGSEDIterationObs.txt
********************************************************************************************************************
Start the 0 rounds of NGS-ED iteration
	effective electronic model is modified as: kinetic energy t = 0.850919
	                                           effective interaction Vq = [-2.65095,-2.44309,-2.25639,-2.44309,-2.44309,-2.25639, -2.2902,-2.25639,-2.25639, -2.2902, -2.1916, -2.2902,-2.44309,-2.25639, -2.2902,-2.25639]
	PARPACK diagonalization completed after 45 matrix-vector product operations.
	iteration results: : total energy is -59.054519 | electron energy -59.094702 + phonon energy 0.040183 | electron momentum kIdx = 0
	Nq(0) = 16,	Nq(1) = 0.289986,	Nq(2) = 0.331093,	Nq(3) = 0.289986,	Nq(4) = 0.289986,	Nq(5) = 0.331093,	Nq(6) = 0.494096,	Nq(7) = 0.331093,	Nq(8) = 0.331093,	Nq(9) = 0.494096,	Nq(10) = 0.540047,	Nq(11) = 0.494096,	Nq(12) = 0.289986,	Nq(13) = 0.331093,	Nq(14) = 0.494096,	Nq(15) = 0.331093,	Sq(0) = -2.00298e-18,	Sq(1) = 0.403682,	Sq(2) = 0.586009,	Sq(3) = 0.403682,	Sq(4) = 0.403682,	Sq(5) = 0.586009,	Sq(6) = 0.694955,	Sq(7) = 0.586009,	Sq(8) = 0.586009,	Sq(9) = 0.694955,	Sq(10) = 2.42646,	Sq(11) = 0.694955,	Sq(12) = 0.403682,	Sq(13) = 0.586009,	Sq(14) = 0.694955,	Sq(15) = 0.586009,	N(0) = 1.98996,	N(1) = 1.97959,	N(2) = 1,	N(3) = 1.97959,	N(4) = 1.97959,	N(5) = 1,	N(6) = 0.0204128,	N(7) = 1,	N(8) = 1,	N(9) = 0.0204128,	N(10) = 0.0100389,	N(11) = 0.0204128,	N(12) = 1.97959,	N(13) = 1,	N(14) = 0.0204128,	N(15) = 1,	Delta[s](0) = 0.225853,	Delta[s](1) = 0.211459,	Delta[s](2) = 0.172251,	Delta[s](3) = 0.211459,	Delta[s](4) = 0.211459,	Delta[s](5) = 0.172251,	Delta[s](6) = 0.158642,	Delta[s](7) = 0.172251,	Delta[s](8) = 0.172251,	Delta[s](9) = 0.158642,	Delta[s](10) = 0.0917021,	Delta[s](11) = 0.158642,	Delta[s](12) = 0.211459,	Delta[s](13) = 0.172251,	Delta[s](14) = 0.158642,	Delta[s](15) = 0.172251,	Delta[d](0) = 0.560156,	Delta[d](1) = 0.346384,	Delta[d](2) = 0.297948,	Delta[d](3) = 0.346384,	Delta[d](4) = 0.346384,	Delta[d](5) = 0.338622,	Delta[d](6) = 0.253707,	Delta[d](7) = 0.338622,	Delta[d](8) = 0.297948,	Delta[d](9) = 0.253707,	Delta[d](10) = 0.121256,	Delta[d](11) = 0.253707,	Delta[d](12) = 0.346384,	Delta[d](13) = 0.338622,	Delta[d](14) = 0.253707,	Delta[d](15) = 0.338622,	Delta[s+](0) = 0.556561,	Delta[s+](1) = 0.451352,	Delta[s+](2) = 0.297948,	Delta[s+](3) = 0.451352,	Delta[s+](4) = 0.451352,	Delta[s+](5) = 0.297948,	Delta[s+](6) = 0.147612,	Delta[s+](7) = 0.297948,	Delta[s+](8) = 0.297948,	Delta[s+](9) = 0.147612,	Delta[s+](10) = 0.0413038,	Delta[s+](11) = 0.147612,	Delta[s+](12) = 0.451352,	Delta[s+](13) = 0.297948,	Delta[s+](14) = 0.147612,	Delta[s+](15) = 0.297948
The 0-th iteration is completed.	|| time cost : 0h 4m 34.403s
********************************************************************************************************************
Start the 1 rounds of NGS-ED iteration
	effective electronic model is modified as: kinetic energy t = 0.838056
	                                           effective interaction Vq = [ -2.8083,-2.55972,-2.34432,-2.55972,-2.55972,-2.34432,-2.36695,-2.34432,-2.34432,-2.36695,-2.26223,-2.36695,-2.55972,-2.34432,-2.36695,-2.34432]
	PARPACK diagonalization completed after 45 matrix-vector product operations.
	iteration results: : total energy is -61.704353 | electron energy -61.815723 + phonon energy 0.111370 | electron momentum kIdx = 0
The 1-th iteration is completed.	|| time cost : 0h 0m 32.355s
********************************************************************************************************************
Start the 2 rounds of NGS-ED iteration
	effective electronic model is modified as: kinetic energy t = 0.828911
	                                           effective interaction Vq = [-2.86618,-2.62381, -2.3943,-2.62381,-2.62381, -2.3943,-2.41805, -2.3943, -2.3943,-2.41805,-2.30906,-2.41805,-2.62381, -2.3943,-2.41805, -2.3943]
	PARPACK diagonalization completed after 45 matrix-vector product operations.
	iteration results: : total energy is -62.678515 | electron energy -62.837128 + phonon energy 0.158613 | electron momentum kIdx = 0
The 2-th iteration is completed.	|| time cost : 0h 0m 32.09s
********************************************************************************************************************
Start the 3 rounds of NGS-ED iteration
	effective electronic model is modified as: kinetic energy t = 0.822967
	                                           effective interaction Vq = [-2.88748,-2.66016,-2.42269,-2.66016,-2.66016,-2.42269,-2.45021,-2.42269,-2.42269,-2.45021, -2.3376,-2.45021,-2.66016,-2.42269,-2.45021,-2.42269]
	PARPACK diagonalization completed after 45 matrix-vector product operations.
	iteration results: : total energy is -63.037027 | electron energy -63.224085 + phonon energy 0.187057 | electron momentum kIdx = 0
The 3-th iteration is completed.	|| time cost : 0h 0m 32.088s
********************************************************************************************************************
Start the 4 rounds of NGS-ED iteration
	effective electronic model is modified as: kinetic energy t = 0.81925
	                                           effective interaction Vq = [-2.89531,-2.68126,-2.43889,-2.68126,-2.68126,-2.43889, -2.4701,-2.43889,-2.43889, -2.4701,-2.35455, -2.4701,-2.68126,-2.43889, -2.4701,-2.43889]
	PARPACK diagonalization completed after 30 matrix-vector product operations.
	iteration results: : total energy is -63.168969 | electron energy -63.373050 + phonon energy 0.204082 | electron momentum kIdx = 0
The 4-th iteration is completed.	|| time cost : 0h 0m 27.665s
********************************************************************************************************************
Start the 5 rounds of NGS-ED iteration
	effective electronic model is modified as: kinetic energy t = 0.816967
	                                           effective interaction Vq = [-2.89819, -2.6937,-2.44819, -2.6937, -2.6937,-2.44819,-2.48236,-2.44819,-2.44819,-2.48236,-2.36455,-2.48236, -2.6937,-2.44819,-2.48236,-2.44819]
	PARPACK diagonalization completed after 30 matrix-vector product operations.
	iteration results: : total energy is -63.217521 | electron energy -63.431843 + phonon energy 0.214322 | electron momentum kIdx = 0
The 5-th iteration is completed.	|| time cost : 0h 0m 27.343s
********************************************************************************************************************
Start the 6 rounds of NGS-ED iteration
	effective electronic model is modified as: kinetic energy t = 0.815578
	                                           effective interaction Vq = [-2.89925,-2.70112,-2.45355,-2.70112,-2.70112,-2.45355, -2.4899,-2.45355,-2.45355, -2.4899,-2.37044, -2.4899,-2.70112,-2.45355, -2.4899,-2.45355]
	PARPACK diagonalization completed after 30 matrix-vector product operations.
	iteration results: : total energy is -63.235385 | electron energy -63.455890 + phonon energy 0.220505 | electron momentum kIdx = 0
The 6-th iteration is completed.	|| time cost : 0h 0m 27.637s
********************************************************************************************************************
Start the 7 rounds of NGS-ED iteration
	effective electronic model is modified as: kinetic energy t = 0.814737
	                                           effective interaction Vq = [-2.89964,-2.70558,-2.45665,-2.70558,-2.70558,-2.45665,-2.49453,-2.45665,-2.45665,-2.49453,-2.37391,-2.49453,-2.70558,-2.45665,-2.49453,-2.45665]
	PARPACK diagonalization completed after 30 matrix-vector product operations.
	iteration results: : total energy is -63.241958 | electron energy -63.466203 + phonon energy 0.224245 | electron momentum kIdx = 0
The 7-th iteration is completed.	|| time cost : 0h 0m 27.389s
********************************************************************************************************************
Start the 8 rounds of NGS-ED iteration
	effective electronic model is modified as: kinetic energy t = 0.814227
	                                           effective interaction Vq = [-2.89978,-2.70827,-2.45845,-2.70827,-2.70827,-2.45845,-2.49739,-2.45845,-2.45845,-2.49739,-2.37596,-2.49739,-2.70827,-2.45845,-2.49739,-2.45845]
	PARPACK diagonalization completed after 30 matrix-vector product operations.
	iteration results: : total energy is -63.244377 | electron energy -63.470886 + phonon energy 0.226509 | electron momentum kIdx = 0
The 8-th iteration is completed.	|| time cost : 0h 0m 27.408s
********************************************************************************************************************
Start the 9 rounds of NGS-ED iteration
	effective electronic model is modified as: kinetic energy t = 0.813919
	                                           effective interaction Vq = [-2.89984,-2.70989, -2.4595,-2.70989,-2.70989, -2.4595,-2.49914, -2.4595, -2.4595,-2.49914,-2.37718,-2.49914,-2.70989, -2.4595,-2.49914, -2.4595]
	PARPACK diagonalization completed after 30 matrix-vector product operations.
	iteration results: : total energy is -63.245267 | electron energy -63.473147 + phonon energy 0.227880 | electron momentum kIdx = 0
The 9-th iteration is completed.	|| time cost : 0h 0m 27.635s
********************************************************************************************************************
Start the 10 rounds of NGS-ED iteration
	effective electronic model is modified as: kinetic energy t = 0.813733
	                                           effective interaction Vq = [-2.89986,-2.71087,-2.46012,-2.71087,-2.71087,-2.46012,-2.50022,-2.46012,-2.46012,-2.50022, -2.3779,-2.50022,-2.71087,-2.46012,-2.50022,-2.46012]
	PARPACK diagonalization completed after 30 matrix-vector product operations.
	iteration results: : total energy is -63.245594 | electron energy -63.474305 + phonon energy 0.228711 | electron momentum kIdx = 0
	Nq(0) = 16,	Nq(1) = 0.330122,	Nq(2) = 0.345863,	Nq(3) = 0.330122,	Nq(4) = 0.330122,	Nq(5) = 0.345863,	Nq(6) = 0.534357,	Nq(7) = 0.345863,	Nq(8) = 0.345863,	Nq(9) = 0.534357,	Nq(10) = 0.561987,	Nq(11) = 0.534357,	Nq(12) = 0.330122,	Nq(13) = 0.345863,	Nq(14) = 0.534357,	Nq(15) = 0.345863,	Sq(0) = 5.05533e-18,	Sq(1) = 0.39432,	Sq(2) = 0.573162,	Sq(3) = 0.39432,	Sq(4) = 0.39432,	Sq(5) = 0.573162,	Sq(6) = 0.670673,	Sq(7) = 0.573162,	Sq(8) = 0.573162,	Sq(9) = 0.670673,	Sq(10) = 2.20598,	Sq(11) = 0.670673,	Sq(12) = 0.39432,	Sq(13) = 0.573162,	Sq(14) = 0.670673,	Sq(15) = 0.573162,	N(0) = 1.99496,	N(1) = 1.99158,	N(2) = 1,	N(3) = 1.99158,	N(4) = 1.99158,	N(5) = 1,	N(6) = 0.0084245,	N(7) = 1,	N(8) = 1,	N(9) = 0.0084245,	N(10) = 0.00504229,	N(11) = 0.0084245,	N(12) = 1.99158,	N(13) = 1,	N(14) = 0.0084245,	N(15) = 1,	Delta[s](0) = 0.234429,	Delta[s](1) = 0.224192,	Delta[s](2) = 0.184378,	Delta[s](3) = 0.224192,	Delta[s](4) = 0.224192,	Delta[s](5) = 0.184378,	Delta[s](6) = 0.174979,	Delta[s](7) = 0.184378,	Delta[s](8) = 0.184378,	Delta[s](9) = 0.174979,	Delta[s](10) = 0.110156,	Delta[s](11) = 0.174979,	Delta[s](12) = 0.224192,	Delta[s](13) = 0.184378,	Delta[s](14) = 0.174979,	Delta[s](15) = 0.184378,	Delta[d](0) = 0.579624,	Delta[d](1) = 0.356794,	Delta[d](2) = 0.310127,	Delta[d](3) = 0.356794,	Delta[d](4) = 0.356794,	Delta[d](5) = 0.35528,	Delta[d](6) = 0.269178,	Delta[d](7) = 0.35528,	Delta[d](8) = 0.310127,	Delta[d](9) = 0.269178,	Delta[d](10) = 0.136886,	Delta[d](11) = 0.269178,	Delta[d](12) = 0.356794,	Delta[d](13) = 0.35528,	Delta[d](14) = 0.269178,	Delta[d](15) = 0.35528,	Delta[s+](0) = 0.569596,	Delta[s+](1) = 0.464199,	Delta[s+](2) = 0.310127,	Delta[s+](3) = 0.464199,	Delta[s+](4) = 0.464199,	Delta[s+](5) = 0.310127,	Delta[s+](6) = 0.1569,	Delta[s+](7) = 0.310127,	Delta[s+](8) = 0.310127,	Delta[s+](9) = 0.1569,	Delta[s+](10) = 0.0490987,	Delta[s+](11) = 0.1569,	Delta[s+](12) = 0.464199,	Delta[s+](13) = 0.310127,	Delta[s+](14) = 0.1569,	Delta[s+](15) = 0.310127
The 10-th iteration is completed.	|| time cost : 0h 4m 23.993s
********************************************************************************************************************
Start the 11 rounds of NGS-ED iteration
	effective electronic model is modified as: kinetic energy t = 0.81362
	                                           effective interaction Vq = [-2.89986,-2.71147,-2.46048,-2.71147,-2.71147,-2.46048,-2.50089,-2.46048,-2.46048,-2.50089,-2.37833,-2.50089,-2.71147,-2.46048,-2.50089,-2.46048]
	PARPACK diagonalization completed after 30 matrix-vector product operations.
	iteration results: : total energy is -63.245715 | electron energy -63.474929 + phonon energy 0.229214 | electron momentum kIdx = 0
The 11-th iteration is completed.	|| time cost : 0h 0m 27.644s
********************************************************************************************************************
Start the 12 rounds of NGS-ED iteration
	effective electronic model is modified as: kinetic energy t = 0.813552
	                                           effective interaction Vq = [-2.89987,-2.71183,-2.46069,-2.71183,-2.71183,-2.46069, -2.5013,-2.46069,-2.46069, -2.5013,-2.37858, -2.5013,-2.71183,-2.46069, -2.5013,-2.46069]
	PARPACK diagonalization completed after 30 matrix-vector product operations.
	iteration results: : total energy is -63.245759 | electron energy -63.475278 + phonon energy 0.229519 | electron momentum kIdx = 0
The 12-th iteration is completed.	|| time cost : 0h 0m 27.654s
********************************************************************************************************************
Start the 13 rounds of NGS-ED iteration
	effective electronic model is modified as: kinetic energy t = 0.81351
	                                           effective interaction Vq = [-2.89987,-2.71205,-2.46081,-2.71205,-2.71205,-2.46081,-2.50155,-2.46081,-2.46081,-2.50155,-2.37873,-2.50155,-2.71205,-2.46081,-2.50155,-2.46081]
	PARPACK diagonalization completed after 30 matrix-vector product operations.
	iteration results: : total energy is -63.245775 | electron energy -63.475480 + phonon energy 0.229704 | electron momentum kIdx = 0
The 13-th iteration is completed.	|| time cost : 0h 0m 27.375s
********************************************************************************************************************
Start the 14 rounds of NGS-ED iteration
	effective electronic model is modified as: kinetic energy t = 0.813485
	                                           effective interaction Vq = [-2.89987,-2.71219,-2.46089,-2.71219,-2.71219,-2.46089, -2.5017,-2.46089,-2.46089, -2.5017,-2.37882, -2.5017,-2.71219,-2.46089, -2.5017,-2.46089]
	PARPACK diagonalization completed after 30 matrix-vector product operations.
	iteration results: : total energy is -63.245781 | electron energy -63.475598 + phonon energy 0.229817 | electron momentum kIdx = 0
The 14-th iteration is completed.	|| time cost : 0h 0m 27.64s
********************************************************************************************************************
Start the 15 rounds of NGS-ED iteration
	effective electronic model is modified as: kinetic energy t = 0.81347
	                                           effective interaction Vq = [-2.89987,-2.71227,-2.46093,-2.71227,-2.71227,-2.46093,-2.50179,-2.46093,-2.46093,-2.50179,-2.37888,-2.50179,-2.71227,-2.46093,-2.50179,-2.46093]
	PARPACK diagonalization completed after 30 matrix-vector product operations.
	iteration results: : total energy is -63.245784 | electron energy -63.475668 + phonon energy 0.229885 | electron momentum kIdx = 0
The 15-th iteration is completed.	|| time cost : 0h 0m 27.356s
********************************************************************************************************************
Start the 16 rounds of NGS-ED iteration
	effective electronic model is modified as: kinetic energy t = 0.813461
	                                           effective interaction Vq = [-2.89987,-2.71232,-2.46096,-2.71232,-2.71232,-2.46096,-2.50185,-2.46096,-2.46096,-2.50185,-2.37891,-2.50185,-2.71232,-2.46096,-2.50185,-2.46096]
	PARPACK diagonalization completed after 30 matrix-vector product operations.
	iteration results: : total energy is -63.245785 | electron energy -63.475711 + phonon energy 0.229926 | electron momentum kIdx = 0
The 16-th iteration is completed.	|| time cost : 0h 0m 27.334s
********************************************************************************************************************
Start the 17 rounds of NGS-ED iteration
	effective electronic model is modified as: kinetic energy t = 0.813455
	                                           effective interaction Vq = [-2.89987,-2.71235,-2.46097,-2.71235,-2.71235,-2.46097,-2.50189,-2.46097,-2.46097,-2.50189,-2.37893,-2.50189,-2.71235,-2.46097,-2.50189,-2.46097]
	PARPACK diagonalization completed after 30 matrix-vector product operations.
	iteration results: : total energy is -63.245785 | electron energy -63.475736 + phonon energy 0.229951 | electron momentum kIdx = 0
The 17-th iteration is completed.	|| time cost : 0h 0m 27.33s
********************************************************************************************************************
Start the 18 rounds of NGS-ED iteration
	effective electronic model is modified as: kinetic energy t = 0.813452
	                                           effective interaction Vq = [-2.89987,-2.71236,-2.46098,-2.71236,-2.71236,-2.46098,-2.50191,-2.46098,-2.46098,-2.50191,-2.37894,-2.50191,-2.71236,-2.46098,-2.50191,-2.46098]
	PARPACK diagonalization completed after 30 matrix-vector product operations.
	iteration results: : total energy is -63.245785 | electron energy -63.475752 + phonon energy 0.229967 | electron momentum kIdx = 0
The 18-th iteration is completed.	|| time cost : 0h 0m 27.376s
********************************************************************************************************************
Start the 19 rounds of NGS-ED iteration
	effective electronic model is modified as: kinetic energy t = 0.81345
	                                           effective interaction Vq = [-2.89987,-2.71238,-2.46099,-2.71238,-2.71238,-2.46099,-2.50192,-2.46099,-2.46099,-2.50192,-2.37895,-2.50192,-2.71238,-2.46099,-2.50192,-2.46099]
	PARPACK diagonalization completed after 30 matrix-vector product operations.
	iteration results: : total energy is -63.245785 | electron energy -63.475761 + phonon energy 0.229976 | electron momentum kIdx = 0
The 19-th iteration is completed.	|| time cost : 0h 0m 27.452s
********************************************************************************************************************
Start the 20 rounds of NGS-ED iteration
	effective electronic model is modified as: kinetic energy t = 0.813449
	                                           effective interaction Vq = [-2.89987,-2.71238,-2.46099,-2.71238,-2.71238,-2.46099,-2.50193,-2.46099,-2.46099,-2.50193,-2.37895,-2.50193,-2.71238,-2.46099,-2.50193,-2.46099]
	PARPACK diagonalization completed after 30 matrix-vector product operations.
	iteration results: : total energy is -63.245785 | electron energy -63.475767 + phonon energy 0.229982 | electron momentum kIdx = 0
	Nq(0) = 16,	Nq(1) = 0.330393,	Nq(2) = 0.34592,	Nq(3) = 0.330393,	Nq(4) = 0.330393,	Nq(5) = 0.34592,	Nq(6) = 0.534699,	Nq(7) = 0.34592,	Nq(8) = 0.34592,	Nq(9) = 0.534699,	Nq(10) = 0.562108,	Nq(11) = 0.534699,	Nq(12) = 0.330393,	Nq(13) = 0.34592,	Nq(14) = 0.534699,	Nq(15) = 0.34592,	Sq(0) = 8.87551e-18,	Sq(1) = 0.394243,	Sq(2) = 0.573069,	Sq(3) = 0.394243,	Sq(4) = 0.394243,	Sq(5) = 0.573069,	Sq(6) = 0.670511,	Sq(7) = 0.573069,	Sq(8) = 0.573069,	Sq(9) = 0.670511,	Sq(10) = 2.20458,	Sq(11) = 0.670511,	Sq(12) = 0.394243,	Sq(13) = 0.573069,	Sq(14) = 0.670511,	Sq(15) = 0.573069,	N(0) = 1.99498,	N(1) = 1.99164,	N(2) = 1,	N(3) = 1.99164,	N(4) = 1.99164,	N(5) = 1,	N(6) = 0.00836252,	N(7) = 1,	N(8) = 1,	N(9) = 0.00836252,	N(10) = 0.00501803,	N(11) = 0.00836252,	N(12) = 1.99164,	N(13) = 1,	N(14) = 0.00836252,	N(15) = 1,	Delta[s](0) = 0.234483,	Delta[s](1) = 0.224276,	Delta[s](2) = 0.184461,	Delta[s](3) = 0.224276,	Delta[s](4) = 0.224276,	Delta[s](5) = 0.184461,	Delta[s](6) = 0.17509,	Delta[s](7) = 0.184461,	Delta[s](8) = 0.184461,	Delta[s](9) = 0.17509,	Delta[s](10) = 0.110287,	Delta[s](11) = 0.17509,	Delta[s](12) = 0.224276,	Delta[s](13) = 0.184461,	Delta[s](14) = 0.17509,	Delta[s](15) = 0.184461,	Delta[d](0) = 0.579745,	Delta[d](1) = 0.356878,	Delta[d](2) = 0.31022,	Delta[d](3) = 0.356878,	Delta[d](4) = 0.356878,	Delta[d](5) = 0.355398,	Delta[d](6) = 0.269288,	Delta[d](7) = 0.355398,	Delta[d](8) = 0.31022,	Delta[d](9) = 0.269288,	Delta[d](10) = 0.137005,	Delta[d](11) = 0.269288,	Delta[d](12) = 0.356878,	Delta[d](13) = 0.355398,	Delta[d](14) = 0.269288,	Delta[d](15) = 0.355398,	Delta[s+](0) = 0.569697,	Delta[s+](1) = 0.464293,	Delta[s+](2) = 0.31022,	Delta[s+](3) = 0.464293,	Delta[s+](4) = 0.464293,	Delta[s+](5) = 0.31022,	Delta[s+](6) = 0.156972,	Delta[s+](7) = 0.31022,	Delta[s+](8) = 0.31022,	Delta[s+](9) = 0.156972,	Delta[s+](10) = 0.0491602,	Delta[s+](11) = 0.156972,	Delta[s+](12) = 0.464293,	Delta[s+](13) = 0.31022,	Delta[s+](14) = 0.156972,	Delta[s+](15) = 0.31022
The 20-th iteration is completed.	|| time cost : 0h 4m 21.571s
********************************************************************************************************************
Start the 21 rounds of NGS-ED iteration
	effective electronic model is modified as: kinetic energy t = 0.813448
	                                           effective interaction Vq = [-2.89987,-2.71239,-2.46099,-2.71239,-2.71239,-2.46099,-2.50194,-2.46099,-2.46099,-2.50194,-2.37896,-2.50194,-2.71239,-2.46099,-2.50194,-2.46099]
	PARPACK diagonalization completed after 30 matrix-vector product operations.
	iteration results: : total energy is -63.245785 | electron energy -63.475770 + phonon energy 0.229985 | electron momentum kIdx = 0
The 21-th iteration is completed.	|| time cost : 0h 0m 27.403s
********************************************************************************************************************
Start the 22 rounds of NGS-ED iteration
	effective electronic model is modified as: kinetic energy t = 0.813447
	                                           effective interaction Vq = [-2.89987,-2.71239,-2.46099,-2.71239,-2.71239,-2.46099,-2.50194,-2.46099,-2.46099,-2.50194,-2.37896,-2.50194,-2.71239,-2.46099,-2.50194,-2.46099]
	PARPACK diagonalization completed after 30 matrix-vector product operations.
	iteration results: : total energy is -63.245785 | electron energy -63.475772 + phonon energy 0.229987 | electron momentum kIdx = 0
The 22-th iteration is completed.	|| time cost : 0h 0m 27.351s
********************************************************************************************************************
Start the 23 rounds of NGS-ED iteration
	effective electronic model is modified as: kinetic energy t = 0.813447
	                                           effective interaction Vq = [-2.89987,-2.71239,-2.46099,-2.71239,-2.71239,-2.46099,-2.50194,-2.46099,-2.46099,-2.50194,-2.37896,-2.50194,-2.71239,-2.46099,-2.50194,-2.46099]
	PARPACK diagonalization completed after 30 matrix-vector product operations.
	iteration results: : total energy is -63.245785 | electron energy -63.475773 + phonon energy 0.229988 | electron momentum kIdx = 0
The 23-th iteration is completed.	|| time cost : 0h 0m 27.619s
********************************************************************************************************************
Start the 24 rounds of NGS-ED iteration
	effective electronic model is modified as: kinetic energy t = 0.813447
	                                           effective interaction Vq = [-2.89987,-2.71239,-2.46099,-2.71239,-2.71239,-2.46099,-2.50194,-2.46099,-2.46099,-2.50194,-2.37896,-2.50194,-2.71239,-2.46099,-2.50194,-2.46099]
	PARPACK diagonalization completed after 30 matrix-vector product operations.
	iteration results: : total energy is -63.245785 | electron energy -63.475774 + phonon energy 0.229989 | electron momentum kIdx = 0
The 24-th iteration is completed.	|| time cost : 0h 0m 27.363s
********************************************************************************************************************
Start the 25 rounds of NGS-ED iteration
	effective electronic model is modified as: kinetic energy t = 0.813447
	                                           effective interaction Vq = [-2.89987,-2.71239,-2.46099,-2.71239,-2.71239,-2.46099,-2.50194,-2.46099,-2.46099,-2.50194,-2.37896,-2.50194,-2.71239,-2.46099,-2.50194,-2.46099]
	PARPACK diagonalization completed after 30 matrix-vector product operations.
	iteration results: : total energy is -63.245785 | electron energy -63.475775 + phonon energy 0.229990 | electron momentum kIdx = 0
The 25-th iteration is completed.	|| time cost : 0h 0m 27.684s
