SNEDics v3.2 diagonalization test program		Start at Wed Apr 24 23:32:18 2019

parallized on 80 MPI threads  * 6 OpenMP threads = 480 total threads.
************************************************************************************
************************************************************************************

Input file "model_params.in"
Hubbard-Holstein model parameters : 	t = 1    U = 9    g = 1.5811    W = 5    
************************************************************************************
Input file "hilbertspace_params.in"

Cluster Positions:				Cluster symmetry group : D4
 x ... x ... x ... x .....                       x ... x ... x ... x .....
 |           |           :                       |           |           :
 |           |           :                       |           |           :
12    13    14    15     x                       1     5     6     5     x
 |           |           :                       |           |           :
 |           |           :                       |           |           :
 8 --- 9 ---10 ---11 --- x                       2 --- 6 ---10 --- 6 --- x
 |           |           :                       |           |           :
 |           |           :                       |           |           :
 4     5     6     7     x                       1     5     6     5     x
 |           |           :                       |           |           :
 |           |           :                       |           |           :
 0 --- 1 --- 2 --- 3 --- x                       0 --- 1 --- 2 --- 1 --- x
orbital number : 1
************************************************************************************
0 rounds of non-Gaussian ED iteration : ground-state energy is -7.68624 | electron energy -7.68624 + phonon energy 0 | electron momentum kIdx = 0
Nq = 	16	0.0508862	0.0916435	0.0508862	0.0508862	0.0916435	0.12837	0.0916435	0.0916435	0.12837	0.163095	0.12837	0.0508862	0.0916435	0.12837	0.0916435
Sq = 	-1.05549e-18	0.407061	0.644276	0.407061	0.407061	0.644276	0.965286	0.644276	0.644276	0.965286	5.21497	0.965286	0.407061	0.644276	0.965286	0.644276
1 rounds of non-Gaussian ED iteration : ground-state energy is -12.9819 | electron energy -12.9819 + phonon energy 1.69892e-05 | electron momentum kIdx = 0
Nq = 	16	0.05511	0.0983743	0.05511	0.05511	0.0983743	0.137249	0.0983743	0.0983743	0.137249	0.173948	0.137249	0.05511	0.0983743	0.137249	0.0983743
Sq = 	1.0657e-18	0.409337	0.64314	0.409337	0.409337	0.64314	0.955188	0.64314	0.64314	0.955188	5.14943	0.955188	0.409337	0.64314	0.955188	0.64314
2 rounds of non-Gaussian ED iteration : ground-state energy is -14.8583 | electron energy -14.8584 + phonon energy 0.000144153 | electron momentum kIdx = 0
Nq = 	16	0.0558193	0.0994874	0.0558193	0.0558193	0.0994874	0.138702	0.0994874	0.0994874	0.138702	0.175704	0.138702	0.0558193	0.0994874	0.138702	0.0994874
Sq = 	2.35517e-19	0.409709	0.642964	0.409709	0.409709	0.642964	0.95355	0.642964	0.642964	0.95355	5.13846	0.95355	0.409709	0.642964	0.95355	0.642964
3 rounds of non-Gaussian ED iteration : ground-state energy is -15.5438 | electron energy -15.5441 + phonon energy 0.000294576 | electron momentum kIdx = 0
Nq = 	16	0.0559804	0.0997382	0.0559804	0.0559804	0.0997382	0.139026	0.0997382	0.0997382	0.139026	0.176094	0.139026	0.0559804	0.0997382	0.139026	0.0997382
Sq = 	3.48004e-19	0.409794	0.642926	0.409794	0.409794	0.642926	0.953181	0.642926	0.642926	0.953181	5.13599	0.953181	0.409794	0.642926	0.953181	0.642926
4 rounds of non-Gaussian ED iteration : ground-state energy is -15.7957 | electron energy -15.7961 + phonon energy 0.000387447 | electron momentum kIdx = 0
Nq = 	16	0.0560223	0.0998031	0.0560223	0.0560223	0.0998031	0.13911	0.0998031	0.0998031	0.13911	0.176193	0.13911	0.0560223	0.0998031	0.13911	0.0998031
Sq = 	-1.15075e-18	0.409816	0.642917	0.409816	0.409816	0.642917	0.953085	0.642917	0.642917	0.953085	5.13535	0.953085	0.409816	0.642917	0.953085	0.642917
5 rounds of non-Gaussian ED iteration : ground-state energy is -15.8883 | electron energy -15.8887 + phonon energy 0.000431729 | electron momentum kIdx = 0
Nq = 	16	0.0560339	0.099821	0.0560339	0.0560339	0.099821	0.139133	0.099821	0.099821	0.139133	0.17622	0.139133	0.0560339	0.099821	0.139133	0.099821
Sq = 	2.54162e-19	0.409823	0.642914	0.409823	0.409823	0.642914	0.953059	0.642914	0.642914	0.953059	5.13518	0.953059	0.409823	0.642914	0.953059	0.642914
6 rounds of non-Gaussian ED iteration : ground-state energy is -15.9224 | electron energy -15.9228 + phonon energy 0.000450552 | electron momentum kIdx = 0
Nq = 	16	0.0560372	0.0998261	0.0560372	0.0560372	0.0998261	0.139139	0.0998261	0.0998261	0.139139	0.176228	0.139139	0.0560372	0.0998261	0.139139	0.0998261
Sq = 	2.11384e-18	0.409824	0.642913	0.409824	0.409824	0.642913	0.953051	0.642913	0.642913	0.953051	5.13513	0.953051	0.409824	0.642913	0.953051	0.642913
7 rounds of non-Gaussian ED iteration : ground-state energy is -15.9349 | electron energy -15.9354 + phonon energy 0.000458123 | electron momentum kIdx = 0
Nq = 	16	0.0560382	0.0998276	0.0560382	0.0560382	0.0998276	0.139141	0.0998276	0.0998276	0.139141	0.17623	0.139141	0.0560382	0.0998276	0.139141	0.0998276
Sq = 	9.88126e-19	0.409825	0.642913	0.409825	0.409825	0.642913	0.953049	0.642913	0.642913	0.953049	5.13511	0.953049	0.409825	0.642913	0.953049	0.642913
8 rounds of non-Gaussian ED iteration : ground-state energy is -15.9395 | electron energy -15.94 + phonon energy 0.000461084 | electron momentum kIdx = 0
Nq = 	16	0.0560385	0.099828	0.0560385	0.0560385	0.099828	0.139142	0.099828	0.099828	0.139142	0.176231	0.139142	0.0560385	0.099828	0.139142	0.099828
Sq = 	9.51559e-19	0.409825	0.642913	0.409825	0.409825	0.642913	0.953048	0.642913	0.642913	0.953048	5.13511	0.953048	0.409825	0.642913	0.953048	0.642913
9 rounds of non-Gaussian ED iteration : ground-state energy is -15.9412 | electron energy -15.9417 + phonon energy 0.000462223 | electron momentum kIdx = 0
Nq = 	16	0.0560386	0.0998282	0.0560386	0.0560386	0.0998282	0.139142	0.0998282	0.0998282	0.139142	0.176231	0.139142	0.0560386	0.0998282	0.139142	0.0998282
Sq = 	-4.14362e-19	0.409825	0.642913	0.409825	0.409825	0.642913	0.953048	0.642913	0.642913	0.953048	5.13511	0.953048	0.409825	0.642913	0.953048	0.642913
10 rounds of non-Gaussian ED iteration : ground-state energy is -15.9418 | electron energy -15.9423 + phonon energy 0.000462658 | electron momentum kIdx = 0
Nq = 	16	0.0560387	0.0998282	0.0560387	0.0560387	0.0998282	0.139142	0.0998282	0.0998282	0.139142	0.176231	0.139142	0.0560387	0.0998282	0.139142	0.0998282
Sq = 	-8.79733e-19	0.409825	0.642913	0.409825	0.409825	0.642913	0.953048	0.642913	0.642913	0.953048	5.13511	0.953048	0.409825	0.642913	0.953048	0.642913
11 rounds of non-Gaussian ED iteration : ground-state energy is -15.9421 | electron energy -15.9425 + phonon energy 0.000462823 | electron momentum kIdx = 0
Nq = 	16	0.0560387	0.0998282	0.0560387	0.0560387	0.0998282	0.139142	0.0998282	0.0998282	0.139142	0.176231	0.139142	0.0560387	0.0998282	0.139142	0.0998282
Sq = 	-3.65518e-19	0.409825	0.642913	0.409825	0.409825	0.642913	0.953048	0.642913	0.642913	0.953048	5.1351	0.953048	0.409825	0.642913	0.953048	0.642913
12 rounds of non-Gaussian ED iteration : ground-state energy is -15.9422 | electron energy -15.9426 + phonon energy 0.000462885 | electron momentum kIdx = 0
Nq = 	16	0.0560387	0.0998282	0.0560387	0.0560387	0.0998282	0.139142	0.0998282	0.0998282	0.139142	0.176231	0.139142	0.0560387	0.0998282	0.139142	0.0998282
Sq = 	7.6134e-19	0.409825	0.642913	0.409825	0.409825	0.642913	0.953048	0.642913	0.642913	0.953048	5.1351	0.953048	0.409825	0.642913	0.953048	0.642913
13 rounds of non-Gaussian ED iteration : ground-state energy is -15.9422 | electron energy -15.9427 + phonon energy 0.000462909 | electron momentum kIdx = 0
Nq = 	16	0.0560387	0.0998282	0.0560387	0.0560387	0.0998282	0.139142	0.0998282	0.0998282	0.139142	0.176231	0.139142	0.0560387	0.0998282	0.139142	0.0998282
Sq = 	-1.41466e-18	0.409825	0.642913	0.409825	0.409825	0.642913	0.953048	0.642913	0.642913	0.953048	5.1351	0.953048	0.409825	0.642913	0.953048	0.642913
14 rounds of non-Gaussian ED iteration : ground-state energy is -15.9422 | electron energy -15.9427 + phonon energy 0.000462918 | electron momentum kIdx = 0
Nq = 	16	0.0560387	0.0998282	0.0560387	0.0560387	0.0998282	0.139142	0.0998282	0.0998282	0.139142	0.176231	0.139142	0.0560387	0.0998282	0.139142	0.0998282
Sq = 	-1.39677e-18	0.409825	0.642913	0.409825	0.409825	0.642913	0.953048	0.642913	0.642913	0.953048	5.1351	0.953048	0.409825	0.642913	0.953048	0.642913
15 rounds of non-Gaussian ED iteration : ground-state energy is -15.9422 | electron energy -15.9427 + phonon energy 0.000462921 | electron momentum kIdx = 0
Nq = 	16	0.0560387	0.0998282	0.0560387	0.0560387	0.0998282	0.139142	0.0998282	0.0998282	0.139142	0.176231	0.139142	0.0560387	0.0998282	0.139142	0.0998282
Sq = 	-1.52643e-18	0.409825	0.642913	0.409825	0.409825	0.642913	0.953048	0.642913	0.642913	0.953048	5.1351	0.953048	0.409825	0.642913	0.953048	0.642913
16 rounds of non-Gaussian ED iteration : ground-state energy is -15.9422 | electron energy -15.9427 + phonon energy 0.000462922 | electron momentum kIdx = 0
Nq = 	16	0.0560387	0.0998282	0.0560387	0.0560387	0.0998282	0.139142	0.0998282	0.0998282	0.139142	0.176231	0.139142	0.0560387	0.0998282	0.139142	0.0998282
Sq = 	-1.01285e-18	0.409825	0.642913	0.409825	0.409825	0.642913	0.953048	0.642913	0.642913	0.953048	5.1351	0.953048	0.409825	0.642913	0.953048	0.642913
Ground state is obtained after 17 iterations. The current ground-state energy is -15.9422, in which electron energy is -15.9427 and phonon energy is 0.000462923
o___o  -------------------------------------
| L |	Time since last clock: 1h 28m 41.65s
A===A	Time since the beginning: 1h 28m 41.65s
********************************************

************************************************************************************
