SNEDics v3.4 Non-Gaussian ED ground state program		Start at Thu Sep 26 23:24:52 2019

parallized on 16 MPI threads  * 8 OpenMP threads = 128 total threads.
********************************************************************************************************************
********************************************************************************************************************

********************************************************************************************************************
System parameters and configurations
********************************************************************************************************************
Special program options are enabled: splitted diagonal Hamiltonian
********************************************************************************************************************
Read input file "model_params.in"
	Hubbard-Holstein model parameters : 	t = 1    U = 3    g = 3.5355    W = 5    
********************************************************************************************************************
Read input file "hilbertspace_params.in"
	Requested 16-site 2D lattice, with 12 electrons (6, 6)
	Boundary : Periodic		Hilbert space representation : momentum-space (restricted to kIdx = 0)
	Conservation: particle number[U(1)]      spin[U(1)]     momentum
********************************************************************************************************************

Cluster Positions:				Cluster symmetry group : D4
 x ... x ... x ... x .....                       x ... x ... x ... x .....
 |           |           :                       |           |           :
 |           |           :                       |           |           :
12    13    14    15     x                       1     5     6     5     x
 |           |           :                       |           |           :
 |           |           :                       |           |           :
 8 --- 9 ---10 ---11 --- x                       2 --- 6 ---10 --- 6 --- x
 |           |           :                       |           |           :
 |           |           :                       |           |           :
 4     5     6     7     x                       1     5     6     5     x
 |           |           :                       |           |           :
 |           |           :                       |           |           :
 0 --- 1 --- 2 --- 3 --- x                       0 --- 1 --- 2 --- 1 --- x
orbital number : 1
********************************************************************************************************************
Read input file "obs_params.in"
	Observable Type : Nq(All),   Sq(All),   N(All),   Delta[s](All),   Delta[d](All),   Delta[s+](All)
********************************************************************************************************************
** WARNING ** the input observables have non-local factors which have been reinterpreted. The total observable number is 96
********************************************************************************************************************


********************************************************************************************************************
Start calculating the non-Gaussian ED ground state
** WARNING ** Detected low phonon energy W < 10. The initial state will be prepared through a warm-up process.
********************************************************************************************************************
Start warm-up calculation for scaling factor 2
open output files: NGSEDWarmUpW10Obs.txt
********************************************************************************************************************
Start the 0 rounds of NGS-ED iteration
	effective electronic model is modified as: kinetic energy t = 1
	                                           effective interaction Vq = [-0,-0,-0,-0,-0,-0,-0,-0,-0,-0,-0,-0,-0,-0,-0,-0]
	first Hamiltonian is constructed, non-zero numbers = 969134044
	PARPACK diagonalization completed after 105 matrix-vector product operations.
	iteration results: : total energy is -18.884783 | electron energy -18.884783 + phonon energy 0.000000 | electron momentum kIdx = 0
	Nq(0) = 9,	Nq(1) = 0.271565,	Nq(2) = 0.31423,	Nq(3) = 0.271565,	Nq(4) = 0.271565,	Nq(5) = 0.381142,	Nq(6) = 0.451821,	Nq(7) = 0.381142,	Nq(8) = 0.31423,	Nq(9) = 0.451821,	Nq(10) = 0.501534,	Nq(11) = 0.451821,	Nq(12) = 0.271565,	Nq(13) = 0.381142,	Nq(14) = 0.451821,	Nq(15) = 0.381142,	Sq(0) = 8.28239e-18,	Sq(1) = 0.459939,	Sq(2) = 0.411439,	Sq(3) = 0.459939,	Sq(4) = 0.459939,	Sq(5) = 0.596091,	Sq(6) = 0.807754,	Sq(7) = 0.596091,	Sq(8) = 0.411439,	Sq(9) = 0.807754,	Sq(10) = 1.17388,	Sq(11) = 0.807754,	Sq(12) = 0.459939,	Sq(13) = 0.596091,	Sq(14) = 0.807754,	Sq(15) = 0.596091,	N(0) = 1.95428,	N(1) = 1.91189,	N(2) = 0.988178,	N(3) = 1.91189,	N(4) = 1.91189,	N(5) = 0.0602933,	N(6) = 0.0396553,	N(7) = 0.0602933,	N(8) = 0.988178,	N(9) = 0.0396553,	N(10) = 0.0220121,	N(11) = 0.0396553,	N(12) = 1.91189,	N(13) = 0.0602933,	N(14) = 0.0396553,	N(15) = 0.0602933,	Delta[s](0) = 0.152578,	Delta[s](1) = 0.106589,	Delta[s](2) = 0.0967291,	Delta[s](3) = 0.106589,	Delta[s](4) = 0.106589,	Delta[s](5) = 0.077417,	Delta[s](6) = 0.0430637,	Delta[s](7) = 0.077417,	Delta[s](8) = 0.0967291,	Delta[s](9) = 0.0430637,	Delta[s](10) = 0.0197388,	Delta[s](11) = 0.0430637,	Delta[s](12) = 0.106589,	Delta[s](13) = 0.077417,	Delta[s](14) = 0.0430637,	Delta[s](15) = 0.077417,	Delta[d](0) = 0.629812,	Delta[d](1) = 0.239075,	Delta[d](2) = 0.264833,	Delta[d](3) = 0.239075,	Delta[d](4) = 0.239075,	Delta[d](5) = 0.134542,	Delta[d](6) = 0.154685,	Delta[d](7) = 0.134542,	Delta[d](8) = 0.264833,	Delta[d](9) = 0.154685,	Delta[d](10) = 0.0436972,	Delta[d](11) = 0.154685,	Delta[d](12) = 0.239075,	Delta[d](13) = 0.134542,	Delta[d](14) = 0.154685,	Delta[d](15) = 0.134542,	Delta[s+](0) = 0.536661,	Delta[s+](1) = 0.367035,	Delta[s+](2) = 0.264833,	Delta[s+](3) = 0.367035,	Delta[s+](4) = 0.367035,	Delta[s+](5) = 0.151423,	Delta[s+](6) = 0.0535515,	Delta[s+](7) = 0.151423,	Delta[s+](8) = 0.264833,	Delta[s+](9) = 0.0535515,	Delta[s+](10) = 0.0110133,	Delta[s+](11) = 0.0535515,	Delta[s+](12) = 0.367035,	Delta[s+](13) = 0.151423,	Delta[s+](14) = 0.0535515,	Delta[s+](15) = 0.151423
The 0-th iteration is completed.	|| time cost : 0h 2m 55.82s
********************************************************************************************************************
Start the 1 rounds of NGS-ED iteration
	effective electronic model is modified as: kinetic energy t = 0.93088
	                                           effective interaction Vq = [-2.16162,-2.04156,-1.95553,-2.04156,-2.04156,-1.99182,-1.94826,-1.99182,-1.95553,-1.94826,-1.90712,-1.94826,-2.04156,-1.99182,-1.94826,-1.99182]
	PARPACK diagonalization completed after 30 matrix-vector product operations.
	iteration results: : total energy is -49.986100 | electron energy -49.991413 + phonon energy 0.005313 | electron momentum kIdx = 0
The 1-th iteration is completed.	|| time cost : 0h 2m 30.832s
********************************************************************************************************************
Start the 2 rounds of NGS-ED iteration
	effective electronic model is modified as: kinetic energy t = 0.88221
	                                           effective interaction Vq = [-2.45416,-2.37474, -2.2691,-2.37474,-2.37474,-2.32296,-2.29503,-2.32296, -2.2691,-2.29503, -2.2277,-2.29503,-2.37474,-2.32296,-2.29503,-2.32296]
	PARPACK diagonalization completed after 30 matrix-vector product operations.
	iteration results: : total energy is -54.269811 | electron energy -54.304355 + phonon energy 0.034544 | electron momentum kIdx = 0
The 2-th iteration is completed.	|| time cost : 0h 0m 8.984s
********************************************************************************************************************
Start the 3 rounds of NGS-ED iteration
	effective electronic model is modified as: kinetic energy t = 0.862748
	                                           effective interaction Vq = [-2.49376,-2.44484,-2.34609,-2.44484,-2.44484,-2.39805,-2.38128,-2.39805,-2.34609,-2.38128,-2.30917,-2.38128,-2.44484,-2.39805,-2.38128,-2.39805]
	PARPACK diagonalization completed after 30 matrix-vector product operations.
	iteration results: : total energy is -54.849307 | electron energy -54.906449 + phonon energy 0.057142 | electron momentum kIdx = 0
The 3-th iteration is completed.	|| time cost : 0h 0m 9.101s
********************************************************************************************************************
Start the 4 rounds of NGS-ED iteration
	effective electronic model is modified as: kinetic energy t = 0.855628
	                                           effective interaction Vq = [-2.49911,-2.46302,-2.36909,-2.46302,-2.46302,-2.41903, -2.4072,-2.41903,-2.36909, -2.4072,-2.33413, -2.4072,-2.46302,-2.41903, -2.4072,-2.41903]
	PARPACK diagonalization completed after 30 matrix-vector product operations.
	iteration results: : total energy is -54.926197 | electron energy -54.993622 + phonon energy 0.067425 | electron momentum kIdx = 0
The 4-th iteration is completed.	|| time cost : 0h 0m 8.989s
********************************************************************************************************************
Start the 5 rounds of NGS-ED iteration
	effective electronic model is modified as: kinetic energy t = 0.853093
	                                           effective interaction Vq = [-2.49984,-2.46854, -2.3766,-2.46854,-2.46854, -2.4256,-2.41587, -2.4256, -2.3766,-2.41587,-2.34242,-2.41587,-2.46854, -2.4256,-2.41587, -2.4256]
	PARPACK diagonalization completed after 75 matrix-vector product operations.
	iteration results: : total energy is -55.558119 | electron energy -55.629531 + phonon energy 0.071412 | electron momentum kIdx = 0
The 5-th iteration is completed.	|| time cost : 0h 0m 13.712s
********************************************************************************************************************
Start the 6 rounds of NGS-ED iteration
	effective electronic model is modified as: kinetic energy t = 0.84896
	                                           effective interaction Vq = [-2.49994,-2.46762,-2.41661,-2.46762,-2.46762,-2.43304,-2.41605,-2.43304,-2.41661,-2.41605,-2.40087,-2.41605,-2.46762,-2.43304,-2.41605,-2.43304]
	PARPACK diagonalization completed after 30 matrix-vector product operations.
	iteration results: : total energy is -55.587281 | electron energy -55.662952 + phonon energy 0.075671 | electron momentum kIdx = 0
The 6-th iteration is completed.	|| time cost : 0h 0m 9.093s
********************************************************************************************************************
Start the 7 rounds of NGS-ED iteration
	effective electronic model is modified as: kinetic energy t = 0.847529
	                                           effective interaction Vq = [-2.49995,-2.46713,-2.42919,-2.46713,-2.46713,-2.43507,-2.41573,-2.43507,-2.42919,-2.41573,-2.41997,-2.41573,-2.46713,-2.43507,-2.41573,-2.43507]
	PARPACK diagonalization completed after 30 matrix-vector product operations.
	iteration results: : total energy is -55.591509 | electron energy -55.669664 + phonon energy 0.078155 | electron momentum kIdx = 0
The 7-th iteration is completed.	|| time cost : 0h 0m 9.097s
********************************************************************************************************************
Start the 8 rounds of NGS-ED iteration
	effective electronic model is modified as: kinetic energy t = 0.847036
	                                           effective interaction Vq = [-2.49995,-2.46692,-2.43345,-2.46692,-2.46692,-2.43561,-2.41549,-2.43561,-2.43345,-2.41549, -2.4267,-2.41549,-2.46692,-2.43561,-2.41549,-2.43561]
	PARPACK diagonalization completed after 30 matrix-vector product operations.
	iteration results: : total energy is -55.592101 | electron energy -55.671297 + phonon energy 0.079197 | electron momentum kIdx = 0
The 8-th iteration is completed.	|| time cost : 0h 0m 9.116s
********************************************************************************************************************
Start the 9 rounds of NGS-ED iteration
	effective electronic model is modified as: kinetic energy t = 0.846866
	                                           effective interaction Vq = [-2.49995,-2.46683,-2.43495,-2.46683,-2.46683,-2.43575,-2.41536,-2.43575,-2.43495,-2.41536,-2.42917,-2.41536,-2.46683,-2.43575,-2.41536,-2.43575]
	PARPACK diagonalization completed after 30 matrix-vector product operations.
	iteration results: : total energy is -55.592182 | electron energy -55.671771 + phonon energy 0.079589 | electron momentum kIdx = 0
The 9-th iteration is completed.	|| time cost : 0h 0m 9.146s
********************************************************************************************************************
Start the 10 rounds of NGS-ED iteration
	effective electronic model is modified as: kinetic energy t = 0.846808
	                                           effective interaction Vq = [-2.49995,-2.46679,-2.43548,-2.46679,-2.46679,-2.43577, -2.4153,-2.43577,-2.43548, -2.4153,-2.43008, -2.4153,-2.46679,-2.43577, -2.4153,-2.43577]
	PARPACK diagonalization completed after 30 matrix-vector product operations.
	iteration results: : total energy is -55.592193 | electron energy -55.671925 + phonon energy 0.079731 | electron momentum kIdx = 0
	Nq(0) = 9,	Nq(1) = 0.45899,	Nq(2) = 0.615188,	Nq(3) = 0.45899,	Nq(4) = 0.45899,	Nq(5) = 0.615362,	Nq(6) = 0.768092,	Nq(7) = 0.615362,	Nq(8) = 0.615188,	Nq(9) = 0.768092,	Nq(10) = 1.13178,	Nq(11) = 0.768092,	Nq(12) = 0.45899,	Nq(13) = 0.615362,	Nq(14) = 0.768092,	Nq(15) = 0.615362,	Sq(0) = -7.67386e-18,	Sq(1) = 0.262127,	Sq(2) = 0.31451,	Sq(3) = 0.262127,	Sq(4) = 0.262127,	Sq(5) = 0.314509,	Sq(6) = 0.456184,	Sq(7) = 0.314509,	Sq(8) = 0.31451,	Sq(9) = 0.456184,	Sq(10) = 0.507761,	Sq(11) = 0.456184,	Sq(12) = 0.262127,	Sq(13) = 0.314509,	Sq(14) = 0.456184,	Sq(15) = 0.314509,	N(0) = 1.97589,	N(1) = 1.93617,	N(2) = 0.3597,	N(3) = 1.93617,	N(4) = 1.93617,	N(5) = 0.359515,	N(6) = 0.0268849,	N(7) = 0.359515,	N(8) = 0.3597,	N(9) = 0.0268849,	N(10) = 0.0144454,	N(11) = 0.0268849,	N(12) = 1.93617,	N(13) = 0.359515,	N(14) = 0.0268849,	N(15) = 0.359515,	Delta[s](0) = 0.671599,	Delta[s](1) = 0.219397,	Delta[s](2) = 0.194219,	Delta[s](3) = 0.219397,	Delta[s](4) = 0.219397,	Delta[s](5) = 0.194209,	Delta[s](6) = 0.137478,	Delta[s](7) = 0.194209,	Delta[s](8) = 0.194219,	Delta[s](9) = 0.137478,	Delta[s](10) = 0.101597,	Delta[s](11) = 0.137478,	Delta[s](12) = 0.219397,	Delta[s](13) = 0.194209,	Delta[s](14) = 0.137478,	Delta[s](15) = 0.194209,	Delta[d](0) = 0.211935,	Delta[d](1) = 0.132233,	Delta[d](2) = 0.150145,	Delta[d](3) = 0.132233,	Delta[d](4) = 0.132233,	Delta[d](5) = 0.125589,	Delta[d](6) = 0.0908488,	Delta[d](7) = 0.125589,	Delta[d](8) = 0.150145,	Delta[d](9) = 0.0908488,	Delta[d](10) = 0.0415851,	Delta[d](11) = 0.0908488,	Delta[d](12) = 0.132233,	Delta[d](13) = 0.125589,	Delta[d](14) = 0.0908488,	Delta[d](15) = 0.125589,	Delta[s+](0) = 0.394447,	Delta[s+](1) = 0.280059,	Delta[s+](2) = 0.150145,	Delta[s+](3) = 0.280059,	Delta[s+](4) = 0.280059,	Delta[s+](5) = 0.150126,	Delta[s+](6) = 0.048684,	Delta[s+](7) = 0.150126,	Delta[s+](8) = 0.150145,	Delta[s+](9) = 0.048684,	Delta[s+](10) = 0.018111,	Delta[s+](11) = 0.048684,	Delta[s+](12) = 0.280059,	Delta[s+](13) = 0.150126,	Delta[s+](14) = 0.048684,	Delta[s+](15) = 0.150126
The 10-th iteration is completed.	|| time cost : 0h 1m 27.531s
********************************************************************************************************************
********************************************************************************************************************
Ground state is obtained after 11 iterations. The current ground-state energy is -55.5922, in which electron energy is -55.6719 and phonon energy is 0.0797313
final variational state is: 
	Gamma_x = [      1,1.02367,1.04223,1.02367,1.02367,1.04225,1.05934,1.04225,1.04223,1.05934,1.08158,1.05934,1.02367,1.04225,1.05934,1.04225]
	lambda_q = [0.499987,0.442396,0.419818,0.442396,0.442396,0.419887,0.407974,0.419887,0.419818,0.407974,0.416611,0.407974,0.442396,0.419887,0.407974,0.419887]
********************************************************************************************************************
o___o  ----------------------------------------
| L |	Time since last clock: 0h 0m 0s
A===A	Time since the beginning: 0h 8m 11.426s
***********************************************


********************************************************************************************************************
Warm up runs have been completed. Start calculating W = 5 phonon.
open output files: NGSEDIterationObs.txt
********************************************************************************************************************
Start the 0 rounds of NGS-ED iteration
	effective electronic model is modified as: kinetic energy t = 0.846788
	                                           effective interaction Vq = [-2.28547,-2.14961, -2.0873,-2.14961,-2.14961,-2.08749,-2.05257,-2.08749, -2.0873,-2.05257,-2.07803,-2.05257,-2.14961,-2.08749,-2.05257,-2.08749]
	PARPACK diagonalization completed after 45 matrix-vector product operations.
	iteration results: : total energy is -50.424777 | electron energy -50.464668 + phonon energy 0.039891 | electron momentum kIdx = 0
	Nq(0) = 9,	Nq(1) = 0.438481,	Nq(2) = 0.591441,	Nq(3) = 0.438481,	Nq(4) = 0.438481,	Nq(5) = 0.591561,	Nq(6) = 0.702632,	Nq(7) = 0.591561,	Nq(8) = 0.591441,	Nq(9) = 0.702632,	Nq(10) = 1.02524,	Nq(11) = 0.702632,	Nq(12) = 0.438481,	Nq(13) = 0.591561,	Nq(14) = 0.702632,	Nq(15) = 0.591561,	Sq(0) = -5.46097e-18,	Sq(1) = 0.301435,	Sq(2) = 0.340611,	Sq(3) = 0.301435,	Sq(4) = 0.301435,	Sq(5) = 0.34061,	Sq(6) = 0.513927,	Sq(7) = 0.34061,	Sq(8) = 0.340611,	Sq(9) = 0.513927,	Sq(10) = 0.556068,	Sq(11) = 0.513927,	Sq(12) = 0.301435,	Sq(13) = 0.34061,	Sq(14) = 0.513927,	Sq(15) = 0.34061,	N(0) = 1.99112,	N(1) = 1.97449,	N(2) = 0.34357,	N(3) = 1.97449,	N(4) = 1.97449,	N(5) = 0.343389,	N(6) = 0.011174,	N(7) = 0.343389,	N(8) = 0.34357,	N(9) = 0.011174,	N(10) = 0.00553762,	N(11) = 0.011174,	N(12) = 1.97449,	N(13) = 0.343389,	N(14) = 0.011174,	N(15) = 0.343389,	Delta[s](0) = 0.526041,	Delta[s](1) = 0.20307,	Delta[s](2) = 0.181311,	Delta[s](3) = 0.20307,	Delta[s](4) = 0.20307,	Delta[s](5) = 0.181305,	Delta[s](6) = 0.134958,	Delta[s](7) = 0.181305,	Delta[s](8) = 0.181311,	Delta[s](9) = 0.134958,	Delta[s](10) = 0.103418,	Delta[s](11) = 0.134958,	Delta[s](12) = 0.20307,	Delta[s](13) = 0.181305,	Delta[s](14) = 0.134958,	Delta[s](15) = 0.181305,	Delta[d](0) = 0.219136,	Delta[d](1) = 0.139663,	Delta[d](2) = 0.161626,	Delta[d](3) = 0.139663,	Delta[d](4) = 0.139663,	Delta[d](5) = 0.131663,	Delta[d](6) = 0.0966992,	Delta[d](7) = 0.131663,	Delta[d](8) = 0.161626,	Delta[d](9) = 0.0966992,	Delta[d](10) = 0.0452901,	Delta[d](11) = 0.0966992,	Delta[d](12) = 0.139663,	Delta[d](13) = 0.131663,	Delta[d](14) = 0.0966992,	Delta[d](15) = 0.131663,	Delta[s+](0) = 0.426591,	Delta[s+](1) = 0.300847,	Delta[s+](2) = 0.161626,	Delta[s+](3) = 0.300847,	Delta[s+](4) = 0.300847,	Delta[s+](5) = 0.161608,	Delta[s+](6) = 0.0533023,	Delta[s+](7) = 0.161608,	Delta[s+](8) = 0.161626,	Delta[s+](9) = 0.0533023,	Delta[s+](10) = 0.0193552,	Delta[s+](11) = 0.0533023,	Delta[s+](12) = 0.300847,	Delta[s+](13) = 0.161608,	Delta[s+](14) = 0.0533023,	Delta[s+](15) = 0.161608
The 0-th iteration is completed.	|| time cost : 0h 1m 26.885s
********************************************************************************************************************
Start the 1 rounds of NGS-ED iteration
	effective electronic model is modified as: kinetic energy t = 0.822176
	                                           effective interaction Vq = [-2.42105,-2.27995,-2.20941,-2.27995,-2.27995,-2.20952,-2.15955,-2.20952,-2.20941,-2.15955,-2.19455,-2.15955,-2.27995,-2.20952,-2.15955,-2.20952]
	PARPACK diagonalization completed after 30 matrix-vector product operations.
	iteration results: : total energy is -52.075831 | electron energy -52.200795 + phonon energy 0.124964 | electron momentum kIdx = 0
The 1-th iteration is completed.	|| time cost : 0h 0m 9.115s
********************************************************************************************************************
Start the 2 rounds of NGS-ED iteration
	effective electronic model is modified as: kinetic energy t = 0.806339
	                                           effective interaction Vq = [-2.47093,-2.34385,-2.27206,-2.34385,-2.34385,-2.27213,-2.21973,-2.27213,-2.27206,-2.21973,-2.26043,-2.21973,-2.34385,-2.27213,-2.21973,-2.27213]
	PARPACK diagonalization completed after 30 matrix-vector product operations.
	iteration results: : total energy is -52.680424 | electron energy -52.869027 + phonon energy 0.188603 | electron momentum kIdx = 0
The 2-th iteration is completed.	|| time cost : 0h 0m 9.126s
********************************************************************************************************************
Start the 3 rounds of NGS-ED iteration
	effective electronic model is modified as: kinetic energy t = 0.796539
	                                           effective interaction Vq = [-2.48927,-2.37667,-2.30533,-2.37667,-2.37667,-2.30538,-2.25404,-2.30538,-2.30533,-2.25404,-2.29779,-2.25404,-2.37667,-2.30538,-2.25404,-2.30538]
	PARPACK diagonalization completed after 30 matrix-vector product operations.
	iteration results: : total energy is -52.900986 | electron energy -53.130112 + phonon energy 0.229126 | electron momentum kIdx = 0
The 3-th iteration is completed.	|| time cost : 0h 0m 8.981s
********************************************************************************************************************
Start the 4 rounds of NGS-ED iteration
	effective electronic model is modified as: kinetic energy t = 0.790598
	                                           effective interaction Vq = [-2.49602,-2.39421,-2.32351,-2.39421,-2.39421,-2.32354,-2.27394,-2.32354,-2.32351,-2.27394,-2.31931,-2.27394,-2.39421,-2.32354,-2.27394,-2.32354]
	PARPACK diagonalization completed after 30 matrix-vector product operations.
	iteration results: : total energy is -52.981275 | electron energy -53.235066 + phonon energy 0.253791 | electron momentum kIdx = 0
The 4-th iteration is completed.	|| time cost : 0h 0m 9.114s
********************************************************************************************************************
Start the 5 rounds of NGS-ED iteration
	effective electronic model is modified as: kinetic energy t = 0.787038
	                                           effective interaction Vq = [-2.49851,-2.40387,-2.33364,-2.40387,-2.40387,-2.33365,-2.28566,-2.33365,-2.33364,-2.28566,-2.33187,-2.28566,-2.40387,-2.33365,-2.28566,-2.33365]
	PARPACK diagonalization completed after 30 matrix-vector product operations.
	iteration results: : total energy is -53.010473 | electron energy -53.279048 + phonon energy 0.268575 | electron momentum kIdx = 0
The 5-th iteration is completed.	|| time cost : 0h 0m 9.114s
********************************************************************************************************************
Start the 6 rounds of NGS-ED iteration
	effective electronic model is modified as: kinetic energy t = 0.784918
	                                           effective interaction Vq = [-2.49942, -2.4093,-2.33935, -2.4093, -2.4093,-2.33936,-2.29262,-2.33936,-2.33935,-2.29262, -2.3393,-2.29262, -2.4093,-2.33936,-2.29262,-2.33936]
	PARPACK diagonalization completed after 30 matrix-vector product operations.
	iteration results: : total energy is -53.021091 | electron energy -53.298477 + phonon energy 0.277386 | electron momentum kIdx = 0
The 6-th iteration is completed.	|| time cost : 0h 0m 8.996s
********************************************************************************************************************
Start the 7 rounds of NGS-ED iteration
	effective electronic model is modified as: kinetic energy t = 0.783659
	                                           effective interaction Vq = [-2.49976,-2.41239, -2.3426,-2.41239,-2.41239,-2.34261,-2.29679,-2.34261, -2.3426,-2.29679,-2.34372,-2.29679,-2.41239,-2.34261,-2.29679,-2.34261]
	PARPACK diagonalization completed after 30 matrix-vector product operations.
	iteration results: : total energy is -53.024952 | electron energy -53.307580 + phonon energy 0.282627 | electron momentum kIdx = 0
The 7-th iteration is completed.	|| time cost : 0h 0m 9.103s
********************************************************************************************************************
Start the 8 rounds of NGS-ED iteration
	effective electronic model is modified as: kinetic energy t = 0.782914
	                                           effective interaction Vq = [-2.49988,-2.41417,-2.34446,-2.41417,-2.41417,-2.34447,-2.29929,-2.34447,-2.34446,-2.29929,-2.34637,-2.29929,-2.41417,-2.34447,-2.29929,-2.34447]
	PARPACK diagonalization completed after 30 matrix-vector product operations.
	iteration results: : total energy is -53.026358 | electron energy -53.312101 + phonon energy 0.285743 | electron momentum kIdx = 0
The 8-th iteration is completed.	|| time cost : 0h 0m 9.105s
********************************************************************************************************************
Start the 9 rounds of NGS-ED iteration
	effective electronic model is modified as: kinetic energy t = 0.782473
	                                           effective interaction Vq = [-2.49993,-2.41519,-2.34552,-2.41519,-2.41519,-2.34553,-2.30081,-2.34553,-2.34552,-2.30081,-2.34797,-2.30081,-2.41519,-2.34553,-2.30081,-2.34553]
	PARPACK diagonalization completed after 30 matrix-vector product operations.
	iteration results: : total energy is -53.026870 | electron energy -53.314465 + phonon energy 0.287595 | electron momentum kIdx = 0
The 9-th iteration is completed.	|| time cost : 0h 0m 9.12s
********************************************************************************************************************
Start the 10 rounds of NGS-ED iteration
	effective electronic model is modified as: kinetic energy t = 0.782212
	                                           effective interaction Vq = [-2.49994,-2.41578,-2.34613,-2.41578,-2.41578,-2.34614,-2.30172,-2.34614,-2.34613,-2.30172,-2.34893,-2.30172,-2.41578,-2.34614,-2.30172,-2.34614]
	PARPACK diagonalization completed after 30 matrix-vector product operations.
	iteration results: : total energy is -53.027056 | electron energy -53.315753 + phonon energy 0.288697 | electron momentum kIdx = 0
	Nq(0) = 9,	Nq(1) = 0.471885,	Nq(2) = 0.614024,	Nq(3) = 0.471885,	Nq(4) = 0.471885,	Nq(5) = 0.614025,	Nq(6) = 0.748014,	Nq(7) = 0.614025,	Nq(8) = 0.614024,	Nq(9) = 0.748014,	Nq(10) = 1.13384,	Nq(11) = 0.748014,	Nq(12) = 0.471885,	Nq(13) = 0.614025,	Nq(14) = 0.748014,	Nq(15) = 0.614025,	Sq(0) = 8.0466e-18,	Sq(1) = 0.264485,	Sq(2) = 0.316496,	Sq(3) = 0.264485,	Sq(4) = 0.264485,	Sq(5) = 0.316496,	Sq(6) = 0.458718,	Sq(7) = 0.316496,	Sq(8) = 0.316496,	Sq(9) = 0.458718,	Sq(10) = 0.510634,	Sq(11) = 0.458718,	Sq(12) = 0.264485,	Sq(13) = 0.316496,	Sq(14) = 0.458718,	Sq(15) = 0.316496,	N(0) = 1.97759,	N(1) = 1.9377,	N(2) = 0.359072,	N(3) = 1.9377,	N(4) = 1.9377,	N(5) = 0.359071,	N(6) = 0.0259741,	N(7) = 0.359071,	N(8) = 0.359072,	N(9) = 0.0259741,	N(10) = 0.0132716,	N(11) = 0.0259741,	N(12) = 1.9377,	N(13) = 0.359071,	N(14) = 0.0259741,	N(15) = 0.359071,	Delta[s](0) = 0.534568,	Delta[s](1) = 0.21804,	Delta[s](2) = 0.19766,	Delta[s](3) = 0.21804,	Delta[s](4) = 0.21804,	Delta[s](5) = 0.19766,	Delta[s](6) = 0.156541,	Delta[s](7) = 0.19766,	Delta[s](8) = 0.19766,	Delta[s](9) = 0.156541,	Delta[s](10) = 0.129935,	Delta[s](11) = 0.156541,	Delta[s](12) = 0.21804,	Delta[s](13) = 0.19766,	Delta[s](14) = 0.156541,	Delta[s](15) = 0.19766,	Delta[d](0) = 0.214613,	Delta[d](1) = 0.143217,	Delta[d](2) = 0.160917,	Delta[d](3) = 0.143217,	Delta[d](4) = 0.143217,	Delta[d](5) = 0.13548,	Delta[d](6) = 0.104592,	Delta[d](7) = 0.13548,	Delta[d](8) = 0.160917,	Delta[d](9) = 0.104592,	Delta[d](10) = 0.0586042,	Delta[d](11) = 0.104592,	Delta[d](12) = 0.143217,	Delta[d](13) = 0.13548,	Delta[d](14) = 0.104592,	Delta[d](15) = 0.13548,	Delta[s+](0) = 0.404342,	Delta[s+](1) = 0.289326,	Delta[s+](2) = 0.160917,	Delta[s+](3) = 0.289326,	Delta[s+](4) = 0.289326,	Delta[s+](5) = 0.160917,	Delta[s+](6) = 0.0603122,	Delta[s+](7) = 0.160917,	Delta[s+](8) = 0.160917,	Delta[s+](9) = 0.0603122,	Delta[s+](10) = 0.0261178,	Delta[s+](11) = 0.0603122,	Delta[s+](12) = 0.289326,	Delta[s+](13) = 0.160917,	Delta[s+](14) = 0.0603122,	Delta[s+](15) = 0.160917
The 10-th iteration is completed.	|| time cost : 0h 1m 26.907s
********************************************************************************************************************
Start the 11 rounds of NGS-ED iteration
	effective electronic model is modified as: kinetic energy t = 0.782057
	                                           effective interaction Vq = [-2.49995,-2.41613,-2.34648,-2.41613,-2.41613,-2.34648,-2.30227,-2.34648,-2.34648,-2.30227,-2.34951,-2.30227,-2.41613,-2.34648,-2.30227,-2.34648]
	PARPACK diagonalization completed after 30 matrix-vector product operations.
	iteration results: : total energy is -53.027124 | electron energy -53.316477 + phonon energy 0.289352 | electron momentum kIdx = 0
The 11-th iteration is completed.	|| time cost : 0h 0m 9.017s
********************************************************************************************************************
Start the 12 rounds of NGS-ED iteration
	effective electronic model is modified as: kinetic energy t = 0.781966
	                                           effective interaction Vq = [-2.49995,-2.41633,-2.34668,-2.41633,-2.41633,-2.34668,-2.30261,-2.34668,-2.34668,-2.30261,-2.34986,-2.30261,-2.41633,-2.34668,-2.30261,-2.34668]
	PARPACK diagonalization completed after 30 matrix-vector product operations.
	iteration results: : total energy is -53.027149 | electron energy -53.316892 + phonon energy 0.289743 | electron momentum kIdx = 0
The 12-th iteration is completed.	|| time cost : 0h 0m 9.106s
********************************************************************************************************************
Start the 13 rounds of NGS-ED iteration
	effective electronic model is modified as: kinetic energy t = 0.781911
	                                           effective interaction Vq = [-2.49995,-2.41644, -2.3468,-2.41644,-2.41644, -2.3468,-2.30281, -2.3468, -2.3468,-2.30281,-2.35008,-2.30281,-2.41644, -2.3468,-2.30281, -2.3468]
	PARPACK diagonalization completed after 30 matrix-vector product operations.
	iteration results: : total energy is -53.027158 | electron energy -53.317134 + phonon energy 0.289975 | electron momentum kIdx = 0
The 13-th iteration is completed.	|| time cost : 0h 0m 9.139s
********************************************************************************************************************
Start the 14 rounds of NGS-ED iteration
	effective electronic model is modified as: kinetic energy t = 0.781879
	                                           effective interaction Vq = [-2.49995,-2.41651,-2.34686,-2.41651,-2.41651,-2.34686,-2.30293,-2.34686,-2.34686,-2.30293,-2.35021,-2.30293,-2.41651,-2.34686,-2.30293,-2.34686]
	PARPACK diagonalization completed after 30 matrix-vector product operations.
	iteration results: : total energy is -53.027162 | electron energy -53.317276 + phonon energy 0.290114 | electron momentum kIdx = 0
The 14-th iteration is completed.	|| time cost : 0h 0m 8.981s
********************************************************************************************************************
Start the 15 rounds of NGS-ED iteration
	effective electronic model is modified as: kinetic energy t = 0.78186
	                                           effective interaction Vq = [-2.49995,-2.41654, -2.3469,-2.41654,-2.41654, -2.3469,-2.30301, -2.3469, -2.3469,-2.30301,-2.35029,-2.30301,-2.41654, -2.3469,-2.30301, -2.3469]
	PARPACK diagonalization completed after 30 matrix-vector product operations.
	iteration results: : total energy is -53.027163 | electron energy -53.317360 + phonon energy 0.290197 | electron momentum kIdx = 0
The 15-th iteration is completed.	|| time cost : 0h 0m 9.099s
********************************************************************************************************************
Start the 16 rounds of NGS-ED iteration
	effective electronic model is modified as: kinetic energy t = 0.781849
	                                           effective interaction Vq = [-2.49995,-2.41657,-2.34692,-2.41657,-2.41657,-2.34692,-2.30306,-2.34692,-2.34692,-2.30306,-2.35033,-2.30306,-2.41657,-2.34692,-2.30306,-2.34692]
	PARPACK diagonalization completed after 30 matrix-vector product operations.
	iteration results: : total energy is -53.027163 | electron energy -53.317410 + phonon energy 0.290246 | electron momentum kIdx = 0
The 16-th iteration is completed.	|| time cost : 0h 0m 9.01s
********************************************************************************************************************
Start the 17 rounds of NGS-ED iteration
	effective electronic model is modified as: kinetic energy t = 0.781842
	                                           effective interaction Vq = [-2.49995,-2.41658,-2.34693,-2.41658,-2.41658,-2.34693,-2.30308,-2.34693,-2.34693,-2.30308,-2.35036,-2.30308,-2.41658,-2.34693,-2.30308,-2.34693]
	PARPACK diagonalization completed after 30 matrix-vector product operations.
	iteration results: : total energy is -53.027163 | electron energy -53.317439 + phonon energy 0.290276 | electron momentum kIdx = 0
The 17-th iteration is completed.	|| time cost : 0h 0m 8.998s
********************************************************************************************************************
Start the 18 rounds of NGS-ED iteration
	effective electronic model is modified as: kinetic energy t = 0.781838
	                                           effective interaction Vq = [-2.49995,-2.41659,-2.34694,-2.41659,-2.41659,-2.34694, -2.3031,-2.34694,-2.34694, -2.3031,-2.35038, -2.3031,-2.41659,-2.34694, -2.3031,-2.34694]
	PARPACK diagonalization completed after 30 matrix-vector product operations.
	iteration results: : total energy is -53.027164 | electron energy -53.317457 + phonon energy 0.290294 | electron momentum kIdx = 0
The 18-th iteration is completed.	|| time cost : 0h 0m 8.99s
********************************************************************************************************************
Start the 19 rounds of NGS-ED iteration
	effective electronic model is modified as: kinetic energy t = 0.781836
	                                           effective interaction Vq = [-2.49995,-2.41659,-2.34694,-2.41659,-2.41659,-2.34694,-2.30311,-2.34694,-2.34694,-2.30311,-2.35039,-2.30311,-2.41659,-2.34694,-2.30311,-2.34694]
	PARPACK diagonalization completed after 30 matrix-vector product operations.
	iteration results: : total energy is -53.027164 | electron energy -53.317468 + phonon energy 0.290304 | electron momentum kIdx = 0
The 19-th iteration is completed.	|| time cost : 0h 0m 9.141s
********************************************************************************************************************
Start the 20 rounds of NGS-ED iteration
	effective electronic model is modified as: kinetic energy t = 0.781834
	                                           effective interaction Vq = [-2.49995,-2.41659,-2.34695,-2.41659,-2.41659,-2.34695,-2.30312,-2.34695,-2.34695,-2.30312, -2.3504,-2.30312,-2.41659,-2.34695,-2.30312,-2.34695]
	PARPACK diagonalization completed after 30 matrix-vector product operations.
	iteration results: : total energy is -53.027164 | electron energy -53.317474 + phonon energy 0.290311 | electron momentum kIdx = 0
	Nq(0) = 9,	Nq(1) = 0.471931,	Nq(2) = 0.614019,	Nq(3) = 0.471931,	Nq(4) = 0.471931,	Nq(5) = 0.614019,	Nq(6) = 0.748447,	Nq(7) = 0.614019,	Nq(8) = 0.614019,	Nq(9) = 0.748447,	Nq(10) = 1.13484,	Nq(11) = 0.748447,	Nq(12) = 0.471931,	Nq(13) = 0.614019,	Nq(14) = 0.748447,	Nq(15) = 0.614019,	Sq(0) = 2.18985e-19,	Sq(1) = 0.264295,	Sq(2) = 0.316358,	Sq(3) = 0.264295,	Sq(4) = 0.264295,	Sq(5) = 0.316358,	Sq(6) = 0.458451,	Sq(7) = 0.316358,	Sq(8) = 0.316358,	Sq(9) = 0.458451,	Sq(10) = 0.510399,	Sq(11) = 0.458451,	Sq(12) = 0.264295,	Sq(13) = 0.316358,	Sq(14) = 0.458451,	Sq(15) = 0.316358,	N(0) = 1.97751,	N(1) = 1.93748,	N(2) = 0.359166,	N(3) = 1.93748,	N(4) = 1.93748,	N(5) = 0.359166,	N(6) = 0.026063,	N(7) = 0.359166,	N(8) = 0.359166,	N(9) = 0.026063,	N(10) = 0.0133252,	N(11) = 0.026063,	N(12) = 1.93748,	N(13) = 0.359166,	N(14) = 0.026063,	N(15) = 0.359166,	Delta[s](0) = 0.534567,	Delta[s](1) = 0.218121,	Delta[s](2) = 0.197746,	Delta[s](3) = 0.218121,	Delta[s](4) = 0.218121,	Delta[s](5) = 0.197746,	Delta[s](6) = 0.156655,	Delta[s](7) = 0.197746,	Delta[s](8) = 0.197746,	Delta[s](9) = 0.156655,	Delta[s](10) = 0.130084,	Delta[s](11) = 0.156655,	Delta[s](12) = 0.218121,	Delta[s](13) = 0.197746,	Delta[s](14) = 0.156655,	Delta[s](15) = 0.197746,	Delta[d](0) = 0.214553,	Delta[d](1) = 0.143213,	Delta[d](2) = 0.160901,	Delta[d](3) = 0.143213,	Delta[d](4) = 0.143213,	Delta[d](5) = 0.135475,	Delta[d](6) = 0.104615,	Delta[d](7) = 0.135475,	Delta[d](8) = 0.160901,	Delta[d](9) = 0.104615,	Delta[d](10) = 0.0586561,	Delta[d](11) = 0.104615,	Delta[d](12) = 0.143213,	Delta[d](13) = 0.135475,	Delta[d](14) = 0.104615,	Delta[d](15) = 0.135475,	Delta[s+](0) = 0.404223,	Delta[s+](1) = 0.289253,	Delta[s+](2) = 0.160901,	Delta[s+](3) = 0.289253,	Delta[s+](4) = 0.289253,	Delta[s+](5) = 0.160901,	Delta[s+](6) = 0.0603459,	Delta[s+](7) = 0.160901,	Delta[s+](8) = 0.160901,	Delta[s+](9) = 0.0603459,	Delta[s+](10) = 0.0261527,	Delta[s+](11) = 0.0603459,	Delta[s+](12) = 0.289253,	Delta[s+](13) = 0.160901,	Delta[s+](14) = 0.0603459,	Delta[s+](15) = 0.160901
The 20-th iteration is completed.	|| time cost : 0h 1m 28.026s
********************************************************************************************************************
Start the 21 rounds of NGS-ED iteration
	effective electronic model is modified as: kinetic energy t = 0.781834
	                                           effective interaction Vq = [-2.49995, -2.4166,-2.34695, -2.4166, -2.4166,-2.34695,-2.30312,-2.34695,-2.34695,-2.30312, -2.3504,-2.30312, -2.4166,-2.34695,-2.30312,-2.34695]
	PARPACK diagonalization completed after 30 matrix-vector product operations.
	iteration results: : total energy is -53.027164 | electron energy -53.317478 + phonon energy 0.290314 | electron momentum kIdx = 0
The 21-th iteration is completed.	|| time cost : 0h 0m 9.1s
********************************************************************************************************************
Start the 22 rounds of NGS-ED iteration
	effective electronic model is modified as: kinetic energy t = 0.781833
	                                           effective interaction Vq = [-2.49995, -2.4166,-2.34695, -2.4166, -2.4166,-2.34695,-2.30312,-2.34695,-2.34695,-2.30312, -2.3504,-2.30312, -2.4166,-2.34695,-2.30312,-2.34695]
	PARPACK diagonalization completed after 30 matrix-vector product operations.
	iteration results: : total energy is -53.027164 | electron energy -53.317480 + phonon energy 0.290317 | electron momentum kIdx = 0
The 22-th iteration is completed.	|| time cost : 0h 0m 9.109s
********************************************************************************************************************
Start the 23 rounds of NGS-ED iteration
	effective electronic model is modified as: kinetic energy t = 0.781833
	                                           effective interaction Vq = [-2.49995, -2.4166,-2.34695, -2.4166, -2.4166,-2.34695,-2.30312,-2.34695,-2.34695,-2.30312,-2.35041,-2.30312, -2.4166,-2.34695,-2.30312,-2.34695]
	PARPACK diagonalization completed after 30 matrix-vector product operations.
