SNEDics v3.22.2 Non-Gaussian ED ground state program		Start at Fri Jun  3 01:25:29 2022

Parallelization: 32 MPI threads  * 8 OpenMP threads = 256 total threads.
********************************************************************************************************************
********************************************************************************************************************

********************************************************************************************************************
System parameters and configurations
	special program options are enabled: splitted diagonal Hamiltonian | splitted Hamiltonian terms
********************************************************************************************************************
Read input file "model_params.in"
	Hubbard-Holstein model parameters : 	t = 1    t' = -0.3    U = 8    g = 0.55    W = 0.2    
********************************************************************************************************************
Read input file "hilbertspace_params.in"
	Requested 16-site 2D lattice, with 8 electrons (4, 4)
	Boundary : Periodic		Hilbert space representation : momentum-space (restricted to kIdx = 10)
	Conservation: particle number[U(1)]      spin[U(1)]     momentum
********************************************************************************************************************

Cluster Positions:				Cluster symmetry group : D4
 x ... x ... x ... x .....                       x ... x ... x ... x .....
 |           |           :                       |           |           :
 |           |           :                       |           |           :
12    13    14    15     x                       1     5     6     5     x
 |           |           :                       |           |           :
 |           |           :                       |           |           :
 8 --- 9 ---10 ---11 --- x                       2 --- 6 ---10 --- 6 --- x
 |           |           :                       |           |           :
 |           |           :                       |           |           :
 4     5     6     7     x                       1     5     6     5     x
 |           |           :                       |           |           :
 |           |           :                       |           |           :
 0 --- 1 --- 2 --- 3 --- x                       0 --- 1 --- 2 --- 1 --- x
orbital number : 1
********************************************************************************************************************
Read input file "obs_params.in"
	Observable Type : Nq(All),   Sq(All),   N(All-Orbital),   Delta[s](All),   Delta[d](All),   Delta[s+](All)
** WARNING ** the input observables have non-local factors which have been reinterpreted. The total observable number is 96
********************************************************************************************************************


********************************************************************************************************************
Start calculating the non-Gaussian ED ground state
Maximal iteration number is 1000; energy resolution is 1e-06. Phonon state relaxation time is 2000
W = 0.2 is relatively large. The non-Gaussian ED calculation starts directly.
open output files: NGSED_iteration_observables.txt
********************************************************************************************************************
Start the 0 rounds of NGS-ED iteration
	effective electronic model is modified as: kinetic energy t = 1, t' = -0.3
	                                           effective interaction Vq = [0,0,0,0,0,0,0,0,0,0,0,0,0,0,0,0]
	first Hamiltonian is constructed, size = 207168 and non-zero numbers = 32240256
	PARPACK diagonalization completed after 105 matrix-vector product operations.
	iteration results: : total energy is -14.405877 | electron energy -14.405877 + phonon energy 0.000000 | electron momentum kIdx = 10
	Nq(0) = 4,	Nq(1) = 0.191255,	Nq(2) = 0.234333,	Nq(3) = 0.191255,	Nq(4) = 0.191255,	Nq(5) = 0.305984,	
	Nq(6) = 0.331756,	Nq(7) = 0.305984,	Nq(8) = 0.234333,	Nq(9) = 0.331756,	Nq(10) = 0.361611,	
	Nq(11) = 0.331756,	Nq(12) = 0.191255,	Nq(13) = 0.305984,	Nq(14) = 0.331756,	Nq(15) = 0.305984;	
	Sq(0) = -3.48352e-18,	Sq(1) = 0.388709,	Sq(2) = 0.400904,	Sq(3) = 0.388709,	Sq(4) = 0.388709,	
	Sq(5) = 0.66772,	Sq(6) = 0.571758,	Sq(7) = 0.66772,	Sq(8) = 0.400904,	Sq(9) = 0.571758,	
	Sq(10) = 0.539189,	Sq(11) = 0.571758,	Sq(12) = 0.388709,	Sq(13) = 0.66772,	Sq(14) = 0.571758,	
	Sq(15) = 0.66772;	N(0) = 1.74885,	N(1) = 0.991935,	N(2) = 0.972078,	N(3) = 0.991935,	
	N(4) = 0.991935,	N(5) = 0.0652548,	N(6) = 0.0181601,	N(7) = 0.0652548,	N(8) = 0.972078,	
	N(9) = 0.0181601,	N(10) = 0.00559157,	N(11) = 0.0181601,	N(12) = 0.991935,	N(13) = 0.0652548,	
	N(14) = 0.0181601,	N(15) = 0.0652548;	Delta[s](0) = 0.0125898,	Delta[s](1) = 0.00945013,	Delta[s](2) = 0.00837969,	
	Delta[s](3) = 0.00945013,	Delta[s](4) = 0.00945013,	Delta[s](5) = 0.000803881,	Delta[s](6) = 0.000596581,	Delta[s](7) = 0.000803881,	
	Delta[s](8) = 0.00837969,	Delta[s](9) = 0.000596581,	Delta[s](10) = 0.000375911,	Delta[s](11) = 0.000596581,	Delta[s](12) = 0.00945013,	
	Delta[s](13) = 0.000803881,	Delta[s](14) = 0.000596581,	Delta[s](15) = 0.000803881;	Delta[d](0) = 0.019438,	Delta[d](1) = 0.062243,	
	Delta[d](2) = 0.125689,	Delta[d](3) = 0.062243,	Delta[d](4) = 0.062243,	Delta[d](5) = 0.079069,	Delta[d](6) = 0.159188,	
	Delta[d](7) = 0.079069,	Delta[d](8) = 0.125689,	Delta[d](9) = 0.159188,	Delta[d](10) = 0.276953,	Delta[d](11) = 0.159188,	
	Delta[d](12) = 0.062243,	Delta[d](13) = 0.079069,	Delta[d](14) = 0.159188,	Delta[d](15) = 0.079069;	Delta[s+](0) = 0.221984,	
	Delta[s+](1) = 0.152291,	Delta[s+](2) = 0.125689,	Delta[s+](3) = 0.152291,	Delta[s+](4) = 0.152291,	Delta[s+](5) = 0.0104547,	
	Delta[s+](6) = 0.0221565,	Delta[s+](7) = 0.0104547,	Delta[s+](8) = 0.125689,	Delta[s+](9) = 0.0221565,	Delta[s+](10) = 0.00421683,	
	Delta[s+](11) = 0.0221565,	Delta[s+](12) = 0.152291,	Delta[s+](13) = 0.0104547,	Delta[s+](14) = 0.0221565,	Delta[s+](15) = 0.0104547
	
The 0-th iteration is completed.	|| time cost : 0h 0m 5.219s
********************************************************************************************************************
Start the 1 rounds of NGS-ED iteration
	effective electronic model is modified as: kinetic energy t = 0.971051, t' = -0.289869
	                                           effective interaction Vq = [  -1.5125,-0.276495,-0.170206,-0.276495,-0.276495,-0.255301,-0.178667,-0.255301,-0.170206,-0.178667,-0.145969,-0.178667,-0.276495,-0.255301,-0.178667,-0.255301]
	PARPACK diagonalization completed after 30 matrix-vector product operations.
	iteration results: : total energy is -20.853340 | electron energy -20.915730 + phonon energy 0.062390 | electron momentum kIdx = 10
The 1-th iteration is completed.	|| time cost : 0h 0m 3.431s
********************************************************************************************************************
Start the 2 rounds of NGS-ED iteration
	effective electronic model is modified as: kinetic energy t = 0.970895, t' = -0.289753
	                                           effective interaction Vq = [  -1.5125, -0.28073,-0.168681, -0.28073, -0.28073,-0.258978,-0.176777,-0.258978,-0.168681,-0.176777,-0.143062,-0.176777, -0.28073,-0.258978,-0.176777,-0.258978]
	PARPACK diagonalization completed after 30 matrix-vector product operations.
	iteration results: : total energy is -20.853399 | electron energy -20.916921 + phonon energy 0.063522 | electron momentum kIdx = 10
The 2-th iteration is completed.	|| time cost : 0h 0m 0.792s
********************************************************************************************************************
Start the 3 rounds of NGS-ED iteration
	effective electronic model is modified as: kinetic energy t = 0.970886, t' = -0.289746
	                                           effective interaction Vq = [  -1.5125,-0.280939,-0.168617,-0.280939,-0.280939,-0.259215,-0.176642,-0.259215,-0.168617,-0.176642,-0.142928,-0.176642,-0.280939,-0.259215,-0.176642,-0.259215]
	PARPACK diagonalization completed after 30 matrix-vector product operations.
	iteration results: : total energy is -20.853399 | electron energy -20.916980 + phonon energy 0.063580 | electron momentum kIdx = 10
The 3-th iteration is completed.	|| time cost : 0h 0m 0.795s
********************************************************************************************************************
Start the 4 rounds of NGS-ED iteration
	effective electronic model is modified as: kinetic energy t = 0.970885, t' = -0.289746
	                                           effective interaction Vq = [  -1.5125,-0.280949,-0.168614,-0.280949,-0.280949,-0.259231,-0.176633,-0.259231,-0.168614,-0.176633,-0.142922,-0.176633,-0.280949,-0.259231,-0.176633,-0.259231]
	PARPACK diagonalization completed after 30 matrix-vector product operations.
	iteration results: : total energy is -20.853399 | electron energy -20.916983 + phonon energy 0.063584 | electron momentum kIdx = 10
The 4-th iteration is completed.	|| time cost : 0h 0m 0.787s
********************************************************************************************************************
Start the 5 rounds of NGS-ED iteration
	effective electronic model is modified as: kinetic energy t = 0.970885, t' = -0.289746
	                                           effective interaction Vq = [  -1.5125,-0.280949,-0.168614,-0.280949,-0.280949,-0.259232,-0.176632,-0.259232,-0.168614,-0.176632,-0.142921,-0.176632,-0.280949,-0.259232,-0.176632,-0.259232]
	PARPACK diagonalization completed after 30 matrix-vector product operations.
	iteration results: : total energy is -20.853399 | electron energy -20.916984 + phonon energy 0.063584 | electron momentum kIdx = 10
The 5-th iteration is completed.	|| time cost : 0h 0m 0.796s
********************************************************************************************************************
Start the 6 rounds of NGS-ED iteration
	effective electronic model is modified as: kinetic energy t = 0.970885, t' = -0.289746
	                                           effective interaction Vq = [  -1.5125,-0.280949,-0.168614,-0.280949,-0.280949,-0.259232,-0.176632,-0.259232,-0.168614,-0.176632,-0.142921,-0.176632,-0.280949,-0.259232,-0.176632,-0.259232]
	PARPACK diagonalization completed after 30 matrix-vector product operations.
	iteration results: : total energy is -20.853399 | electron energy -20.916984 + phonon energy 0.063584 | electron momentum kIdx = 10
	Nq(0) = 4,	Nq(1) = 0.193739,	Nq(2) = 0.232877,	Nq(3) = 0.193739,	Nq(4) = 0.193739,	Nq(5) = 0.309241,	
	Nq(6) = 0.32981,	Nq(7) = 0.309241,	Nq(8) = 0.232877,	Nq(9) = 0.32981,	Nq(10) = 0.357228,	
	Nq(11) = 0.32981,	Nq(12) = 0.193739,	Nq(13) = 0.309241,	Nq(14) = 0.32981,	Nq(15) = 0.309241;	
	Sq(0) = 4.10652e-18,	Sq(1) = 0.388932,	Sq(2) = 0.400259,	Sq(3) = 0.388932,	Sq(4) = 0.388932,	
	Sq(5) = 0.663297,	Sq(6) = 0.573525,	Sq(7) = 0.663297,	Sq(8) = 0.400259,	Sq(9) = 0.573525,	
	Sq(10) = 0.542327,	Sq(11) = 0.573525,	Sq(12) = 0.388932,	Sq(13) = 0.663297,	Sq(14) = 0.573525,	
	Sq(15) = 0.663297;	N(0) = 1.75952,	N(1) = 0.991792,	N(2) = 0.973494,	N(3) = 0.991792,	
	N(4) = 0.991792,	N(5) = 0.0619333,	N(6) = 0.0181495,	N(7) = 0.0619333,	N(8) = 0.973494,	
	N(9) = 0.0181495,	N(10) = 0.00599671,	N(11) = 0.0181495,	N(12) = 0.991792,	N(13) = 0.0619333,	
	N(14) = 0.0181495,	N(15) = 0.0619333;	Delta[s](0) = 0.0132097,	Delta[s](1) = 0.00998134,	Delta[s](2) = 0.00885617,	
	Delta[s](3) = 0.00998134,	Delta[s](4) = 0.00998134,	Delta[s](5) = 0.000836483,	Delta[s](6) = 0.000621901,	Delta[s](7) = 0.000836483,	
	Delta[s](8) = 0.00885617,	Delta[s](9) = 0.000621901,	Delta[s](10) = 0.00038948,	Delta[s](11) = 0.000621901,	Delta[s](12) = 0.00998134,	
	Delta[s](13) = 0.000836483,	Delta[s](14) = 0.000621901,	Delta[s](15) = 0.000836483;	Delta[d](0) = 0.0189769,	Delta[d](1) = 0.0622585,	
	Delta[d](2) = 0.126446,	Delta[d](3) = 0.0622585,	Delta[d](4) = 0.0622585,	Delta[d](5) = 0.0791519,	Delta[d](6) = 0.159789,	
	Delta[d](7) = 0.0791519,	Delta[d](8) = 0.126446,	Delta[d](9) = 0.159789,	Delta[d](10) = 0.277401,	Delta[d](11) = 0.159789,	
	Delta[d](12) = 0.0622585,	Delta[d](13) = 0.0791519,	Delta[d](14) = 0.159789,	Delta[d](15) = 0.0791519;	Delta[s+](0) = 0.224833,	
	Delta[s+](1) = 0.154347,	Delta[s+](2) = 0.126446,	Delta[s+](3) = 0.154347,	Delta[s+](4) = 0.154347,	Delta[s+](5) = 0.0102427,	
	Delta[s+](6) = 0.0221072,	Delta[s+](7) = 0.0102427,	Delta[s+](8) = 0.126446,	Delta[s+](9) = 0.0221072,	Delta[s+](10) = 0.00424565,	
	Delta[s+](11) = 0.0221072,	Delta[s+](12) = 0.154347,	Delta[s+](13) = 0.0102427,	Delta[s+](14) = 0.0221072,	Delta[s+](15) = 0.0102427
	
The 6-th iteration is completed.	|| time cost : 0h 0m 2.971s
********************************************************************************************************************
********************************************************************************************************************
Ground state is obtained after 7 iterations. The current ground-state energy is -20.8534, in which electron energy is -20.917 and phonon energy is 0.0635843
Final variational state is: 
	Gamma_x = [      1,1.29098,1.20852,1.29098,1.29098,1.45248, 1.3213,1.45248,1.20852, 1.3213,1.27946, 1.3213,1.29098,1.45248, 1.3213,1.45248]
	lambda_q = [    2.75,0.268518,0.157814,0.268518,0.268518,0.246735,0.165558,0.246735,0.157814,0.165558,0.133152,0.165558,0.268518,0.246735,0.165558,0.246735]
Effective e-e interactions mediated by phonons are:
	momentum-space Vq = [  -1.5125,-0.280949,-0.168614,-0.280949,-0.280949,-0.259232,-0.176632,-0.259232,-0.168614,-0.176632,-0.142921,-0.176632,-0.280949,-0.259232,-0.176632,-0.259232]
	real-space Vr = [ -0.303744,-0.0986383,-0.0597325,-0.0986383,-0.0986383,-0.0823871,-0.0725591,-0.0823871,-0.0597325,-0.0725591,-0.0749533,-0.0725591,-0.0986383,-0.0823871,-0.0725591,-0.0823871]
********************************************************************************************************************
o___o  ----------------------------------------
| L |	Time since last clock: 0h 0m 0.226s
A===A	Time since the beginning: 0h 0m 15.021s
***********************************************


Non-Gaussina ED ground state calculation is completed. The final ground-state energy is -20.8534
********************************************************************************************************************
o___o  ----------------------------------------
| L |	Time since last clock: 0h 0m 0.002s
A===A	Time since the beginning: 0h 0m 15.023s
***********************************************



********************************************************************************************************************
All non-Gaussian ED ground state calculations have been completed. Exit now.
