SNEDics v3.22.2 Non-Gaussian ED ground state program		Start at Sun Apr 24 11:25:26 2022

Parallelization: 32 MPI threads  * 8 OpenMP threads = 256 total threads.
********************************************************************************************************************
********************************************************************************************************************

********************************************************************************************************************
System parameters and configurations
	special program options are enabled: splitted diagonal Hamiltonian | splitted Hamiltonian terms
********************************************************************************************************************
Read input file "model_params.in"
	Hubbard-Holstein model parameters : 	t = 1    U = 8    g = 0.2    W = 0.2    
********************************************************************************************************************
Read input file "hilbertspace_params.in"
	Requested 16-site 2D lattice, with 12 electrons (6, 6)
	Boundary : Periodic		Hilbert space representation : momentum-space (restricted to kIdx = 10)
	Conservation: particle number[U(1)]      spin[U(1)]     momentum
********************************************************************************************************************

Cluster Positions:				Cluster symmetry group : D4
 x ... x ... x ... x .....                       x ... x ... x ... x .....
 |           |           :                       |           |           :
 |           |           :                       |           |           :
12    13    14    15     x                       1     5     6     5     x
 |           |           :                       |           |           :
 |           |           :                       |           |           :
 8 --- 9 ---10 ---11 --- x                       2 --- 6 ---10 --- 6 --- x
 |           |           :                       |           |           :
 |           |           :                       |           |           :
 4     5     6     7     x                       1     5     6     5     x
 |           |           :                       |           |           :
 |           |           :                       |           |           :
 0 --- 1 --- 2 --- 3 --- x                       0 --- 1 --- 2 --- 1 --- x
orbital number : 1
********************************************************************************************************************
Read input file "obs_params.in"
	Observable Type : Nq(All),   Sq(All),   N(All-Orbital),   Delta[s](All),   Delta[d](All),   Delta[s+](All)
** WARNING ** the input observables have non-local factors which have been reinterpreted. The total observable number is 96
********************************************************************************************************************


********************************************************************************************************************
Start calculating the non-Gaussian ED ground state
Maximal iteration number is 1000; energy resolution is 1e-06. Phonon state relaxation time is 2000
W = 0.2 is relatively large. The non-Gaussian ED calculation starts directly.
open output files: NGSED_iteration_observables.txt
********************************************************************************************************************
Start the 0 rounds of NGS-ED iteration
	effective electronic model is modified as: kinetic energy t = 1
	                                           effective interaction Vq = [0,0,0,0,0,0,0,0,0,0,0,0,0,0,0,0]
	first Hamiltonian is constructed, size = 4008592 and non-zero numbers = 969134084
	PARPACK diagonalization completed after 150 matrix-vector product operations.
	iteration results: : total energy is -14.925310 | electron energy -14.925310 + phonon energy 0.000000 | electron momentum kIdx = 10
	Nq(0) = 9,	Nq(1) = 0.191675,	Nq(2) = 0.238629,	Nq(3) = 0.191675,	Nq(4) = 0.191675,	Nq(5) = 0.259295,	
	Nq(6) = 0.314107,	Nq(7) = 0.259295,	Nq(8) = 0.238629,	Nq(9) = 0.314107,	Nq(10) = 0.369338,	
	Nq(11) = 0.314107,	Nq(12) = 0.191675,	Nq(13) = 0.259295,	Nq(14) = 0.314107,	Nq(15) = 0.259295;	
	Sq(0) = -1.73566e-18,	Sq(1) = 0.554662,	Sq(2) = 0.921866,	Sq(3) = 0.554662,	Sq(4) = 0.554662,	
	Sq(5) = 0.548737,	Sq(6) = 1.01287,	Sq(7) = 0.548737,	Sq(8) = 0.921866,	Sq(9) = 1.01287,	
	Sq(10) = 0.784303,	Sq(11) = 1.01287,	Sq(12) = 0.554662,	Sq(13) = 0.548737,	Sq(14) = 1.01287,	
	Sq(15) = 0.548737;	N(0) = 1.76735,	N(1) = 1.6264,	N(2) = 0.275186,	N(3) = 1.6264,	
	N(4) = 1.6264,	N(5) = 0.626534,	N(6) = 0.144321,	N(7) = 0.626534,	N(8) = 0.275186,	
	N(9) = 0.144321,	N(10) = 0.0932732,	N(11) = 0.144321,	N(12) = 1.6264,	N(13) = 0.626534,	
	N(14) = 0.144321,	N(15) = 0.626534;	Delta[s](0) = 0.0655825,	Delta[s](1) = 0.0453207,	Delta[s](2) = 0.0260041,	
	Delta[s](3) = 0.0453207,	Delta[s](4) = 0.0453207,	Delta[s](5) = 0.0292943,	Delta[s](6) = 0.00930386,	Delta[s](7) = 0.0292943,	
	Delta[s](8) = 0.0260041,	Delta[s](9) = 0.00930386,	Delta[s](10) = 0.000183784,	Delta[s](11) = 0.00930386,	Delta[s](12) = 0.0453207,	
	Delta[s](13) = 0.0292943,	Delta[s](14) = 0.00930386,	Delta[s](15) = 0.0292943;	Delta[d](0) = 0.199646,	Delta[d](1) = 0.128167,	
	Delta[d](2) = 0.162107,	Delta[d](3) = 0.128167,	Delta[d](4) = 0.128167,	Delta[d](5) = 0.118312,	Delta[d](6) = 0.0874091,	
	Delta[d](7) = 0.118312,	Delta[d](8) = 0.162107,	Delta[d](9) = 0.0874091,	Delta[d](10) = 0.0381594,	Delta[d](11) = 0.0874091,	
	Delta[d](12) = 0.128167,	Delta[d](13) = 0.118312,	Delta[d](14) = 0.0874091,	Delta[d](15) = 0.118312;	Delta[s+](0) = 0.529395,	
	Delta[s+](1) = 0.361044,	Delta[s+](2) = 0.162107,	Delta[s+](3) = 0.361044,	Delta[s+](4) = 0.361044,	Delta[s+](5) = 0.207169,	
	Delta[s+](6) = 0.0627118,	Delta[s+](7) = 0.207169,	Delta[s+](8) = 0.162107,	Delta[s+](9) = 0.0627118,	Delta[s+](10) = 0.015753,	
	Delta[s+](11) = 0.0627118,	Delta[s+](12) = 0.361044,	Delta[s+](13) = 0.207169,	Delta[s+](14) = 0.0627118,	Delta[s+](15) = 0.207169
	
The 0-th iteration is completed.	|| time cost : 0h 2m 2.678s
********************************************************************************************************************
Start the 1 rounds of NGS-ED iteration
	effective electronic model is modified as: kinetic energy t = 0.998253
	                                           effective interaction Vq = [      -0.2,-0.0245792,-0.0157975,-0.0245792,-0.0245792,-0.0171287, -0.014007,-0.0171287,-0.0157975, -0.014007,-0.0124424, -0.014007,-0.0245792,-0.0171287, -0.014007,-0.0171287]
	PARPACK diagonalization completed after 30 matrix-vector product operations.
	iteration results: : total energy is -16.758905 | electron energy -16.759256 + phonon energy 0.000351 | electron momentum kIdx = 10
The 1-th iteration is completed.	|| time cost : 0h 1m 15.878s
********************************************************************************************************************
Start the 2 rounds of NGS-ED iteration
	effective electronic model is modified as: kinetic energy t = 0.998252
	                                           effective interaction Vq = [      -0.2, -0.024607,-0.0157962, -0.024607, -0.024607,-0.0171273, -0.014005,-0.0171273,-0.0157962, -0.014005,-0.0124418, -0.014005, -0.024607,-0.0171273, -0.014005,-0.0171273]
	PARPACK diagonalization completed after 30 matrix-vector product operations.
	iteration results: : total energy is -16.758905 | electron energy -16.759257 + phonon energy 0.000352 | electron momentum kIdx = 10
The 2-th iteration is completed.	|| time cost : 0h 0m 9.338s
********************************************************************************************************************
Start the 3 rounds of NGS-ED iteration
	effective electronic model is modified as: kinetic energy t = 0.998252
	                                           effective interaction Vq = [      -0.2, -0.024607,-0.0157962, -0.024607, -0.024607,-0.0171273, -0.014005,-0.0171273,-0.0157962, -0.014005,-0.0124418, -0.014005, -0.024607,-0.0171273, -0.014005,-0.0171273]
	PARPACK diagonalization completed after 30 matrix-vector product operations.
	iteration results: : total energy is -16.758905 | electron energy -16.759257 + phonon energy 0.000352 | electron momentum kIdx = 10
	Nq(0) = 9,	Nq(1) = 0.19204,	Nq(2) = 0.238778,	Nq(3) = 0.19204,	Nq(4) = 0.19204,	Nq(5) = 0.259456,	
	Nq(6) = 0.314284,	Nq(7) = 0.259456,	Nq(8) = 0.238778,	Nq(9) = 0.314284,	Nq(10) = 0.369582,	
	Nq(11) = 0.314284,	Nq(12) = 0.19204,	Nq(13) = 0.259456,	Nq(14) = 0.314284,	Nq(15) = 0.259456;	
	Sq(0) = -2.22454e-18,	Sq(1) = 0.554401,	Sq(2) = 0.921503,	Sq(3) = 0.554401,	Sq(4) = 0.554401,	
	Sq(5) = 0.548641,	Sq(6) = 1.01251,	Sq(7) = 0.548641,	Sq(8) = 0.921503,	Sq(9) = 1.01251,	
	Sq(10) = 0.784541,	Sq(11) = 1.01251,	Sq(12) = 0.554401,	Sq(13) = 0.548641,	Sq(14) = 1.01251,	
	Sq(15) = 0.548641;	N(0) = 1.76804,	N(1) = 1.62736,	N(2) = 0.27442,	N(3) = 1.62736,	
	N(4) = 1.62736,	N(5) = 0.626125,	N(6) = 0.144017,	N(7) = 0.626125,	N(8) = 0.27442,	
	N(9) = 0.144017,	N(10) = 0.0931332,	N(11) = 0.144017,	N(12) = 1.62736,	N(13) = 0.626125,	
	N(14) = 0.144017,	N(15) = 0.626125;	Delta[s](0) = 0.0658111,	Delta[s](1) = 0.0454788,	Delta[s](2) = 0.0261056,	
	Delta[s](3) = 0.0454788,	Delta[s](4) = 0.0454788,	Delta[s](5) = 0.0294128,	Delta[s](6) = 0.00933885,	Delta[s](7) = 0.0294128,	
	Delta[s](8) = 0.0261056,	Delta[s](9) = 0.00933885,	Delta[s](10) = 0.000184535,	Delta[s](11) = 0.00933885,	Delta[s](12) = 0.0454788,	
	Delta[s](13) = 0.0294128,	Delta[s](14) = 0.00933885,	Delta[s](15) = 0.0294128;	Delta[d](0) = 0.199865,	Delta[d](1) = 0.12811,	
	Delta[d](2) = 0.162107,	Delta[d](3) = 0.12811,	Delta[d](4) = 0.12811,	Delta[d](5) = 0.118324,	Delta[d](6) = 0.0873033,	
	Delta[d](7) = 0.118324,	Delta[d](8) = 0.162107,	Delta[d](9) = 0.0873033,	Delta[d](10) = 0.0380572,	Delta[d](11) = 0.0873033,	
	Delta[d](12) = 0.12811,	Delta[d](13) = 0.118324,	Delta[d](14) = 0.0873033,	Delta[d](15) = 0.118324;	Delta[s+](0) = 0.529633,	
	Delta[s+](1) = 0.361191,	Delta[s+](2) = 0.162107,	Delta[s+](3) = 0.361191,	Delta[s+](4) = 0.361191,	Delta[s+](5) = 0.207217,	
	Delta[s+](6) = 0.0626662,	Delta[s+](7) = 0.207217,	Delta[s+](8) = 0.162107,	Delta[s+](9) = 0.0626662,	Delta[s+](10) = 0.0157306,	
	Delta[s+](11) = 0.0626662,	Delta[s+](12) = 0.361191,	Delta[s+](13) = 0.207217,	Delta[s+](14) = 0.0626662,	Delta[s+](15) = 0.207217
	
The 3-th iteration is completed.	|| time cost : 0h 1m 19.406s
********************************************************************************************************************
********************************************************************************************************************
Ground state is obtained after 4 iterations. The current ground-state energy is -16.7589, in which electron energy is -16.7593 and phonon energy is 0.000351862
Final variational state is: 
	Gamma_x = [      1,1.02311,1.01864,1.02311,1.02311,1.02196,1.02184,1.02196,1.01864,1.02184,1.02288,1.02184,1.02311,1.02196,1.02184,1.02196]
	lambda_q = [        1, 0.063536,0.0403027, 0.063536, 0.063536,0.0437765,0.0356479,0.0437765,0.0403027,0.0356479, 0.031604,0.0356479, 0.063536,0.0437765,0.0356479,0.0437765]
Effective e-e interactions mediated by phonons are:
	momentum-space Vq = [      -0.2, -0.024607,-0.0157962, -0.024607, -0.024607,-0.0171273, -0.014005,-0.0171273,-0.0157962, -0.014005,-0.0124418, -0.014005, -0.024607,-0.0171273, -0.014005,-0.0171273]
	real-space Vr = [  -0.029187, -0.0130476, -0.0109703, -0.0130476, -0.0130476, -0.0113031, -0.0103971, -0.0113031, -0.0109703, -0.0103971,-0.00988095, -0.0103971, -0.0130476, -0.0113031, -0.0103971, -0.0113031]
********************************************************************************************************************
o___o  ----------------------------------------
| L |	Time since last clock: 0h 0m 0.008s
A===A	Time since the beginning: 0h 4m 47.31s
***********************************************


Non-Gaussina ED ground state calculation is completed. The final ground-state energy is -16.7589
********************************************************************************************************************
o___o  ----------------------------------------
| L |	Time since last clock: 0h 0m 0.004s
A===A	Time since the beginning: 0h 4m 47.315s
***********************************************



********************************************************************************************************************
All non-Gaussian ED ground state calculations have been completed. Exit now.
